0 0 
2 
3 1 
3 -1 
0 

0 0 
1 
2 0 
1 
3 0 

0 0 
1 
10 7 
1 
5 2 

0 0 
1 
5 -4 
1 
3 -2 

0 0 
1 
-8 -10 
1 
0 -1 

0 0 
1 
-10 6 
1 
-2 0 

0 0 
3 
-10 20 
10 20 
0 100 
0 

0 0 
3 
-10 20 
10 20 
0 9 
0 

0 0 
2 
-1 1 
1 1 
0 

0 0 
1 
10 8 
1 
2 0 

0 0 
1 
10 0 
1 
1 0 

0 0 
10 
34 42 
24 245 
24 42 
2 4 
6 12 
-621 -621 
512 41 
453 41245 
135 45 
433145 52435 
7 
-1 0 
-1 1 
0 -1 
0 1 
1 -1 
1 0 
1 1 

0 0 
3 
-10 12 
10 12 
0 12 
0 

0 0
3
100000000 50000000
100000000 -50000000
100000000 0
0
0 0
3
10 5
10 -5
10 0
0
0 0
3
5 4
5 -2
6 0
0
0 0
3
400000000 300000000
400000000 -200000000
500000000 0
0
0 0
2
100000000 100000000
100000000 -100000000
0
0 0
2
1 1
1 -1
0
0 0
2
500000000 300000000
500000000 -300000000
1
400000000 200000000
0 0
2
5 3
5 -3
1
4 2
0 0
3
0 10
2 11
-2 11
0
0 0
3
3 3
4 4
6 6
1
2 2
0 0
3
3 3
4 4
6 6
1
5 5
0 0
3
3 3
4 4
6 6
2
1 0
0 1
0 0
5
5 0
0 5
-2 0
0 -3
3 2
4
1 0
0 1
-1 0
0 -1
0 0
5
5 0
0 5
-2 0
0 -3
3 2
4
2 0
0 1
-1 0
0 -1
45386428 319044775
9
207767951 426299847
271054018 137754578
117260207 441245882
62033255 280302388
335734278 31517575
471364246 230881102
273182256 223127673
21643620 490753686
356985820 77043791
100
295729167 345523179
108897845 418117632
200269683 11791408
30870390 175504923
266591687 267881733
365909335 292553163
232808027 353198620
486690137 412853477
235165827 250525453
204739397 413904739
229338906 150553557
420170403 117277922
48770554 259313490
56476996 45011492
363139973 151870152
132312249 461654926
421231648 411895391
232964825 20321707
103535026 374791330
324147775 45956519
496894761 451298049
170321097 161537492
336735221 260274512
70228762 165280041
118655371 399217991
17329689 46365630
282073572 351178496
29468017 136344658
6643964 144575356
141379855 129260485
170067539 355129630
476144295 7873950
206485615 449486382
11987502 452429190
191104600 118862424
305743713 124346826
30468634 69940778
149120317 29189085
141381446 338110617
66194053 9518805
268123762 24618109
211686208 497554921
313581749 89365776
463280184 77132281
192589868 420401267
3571324 445883398
438077559 483071273
392107743 399339701
1225532 311356826
94317430 34369745
41516451 46815890
295231518 475388870
116647129 171568319
497774324 57684519
214654862 84052022
488627675 499849512
217733750 369050863
178137849 419183141
381371084 352518724
430379066 188651033
245435850 171363190
170463436 46419496
477055538 217468456
283672481 284923926
433911240 129292770
259613425 454569165
101608149 35319440
38131381 89971930
373620646 435115264
485705261 482663664
198287371 69496936
483107930 321859173
132725977 248665053
175640709 94235312
174551401 54053085
418426038 146218481
467669526 408176582
300808254 498355049
113030594 166532956
480714030 181994494
206662482 108772935
303710685 32957112
392204846 239733394
59114854 180227143
198239426 408274478
455995176 466204794
12769023 292085357
211127364 382474953
104746714 110916744
446941730 174421964
103179468 238691865
136258797 403779266
498052945 273028001
479534098 205581835
450888297 364783875
239284165 386808494
243004698 29067016
153817212 310672340
65438956 184241881
103800434 32142155
334501775 332948925
47
122930420 473648396
458680821 217724740
460321776 58975092
341649887 459414024
152035792 405772771
288211165 94902702
117981021 13397103
322365020 28311389
155998537 227292915
215699183 9148739
164085927 10521229
307567819 343553296
116342637 146517536
20459849 384256377
322302457 169359315
274278504 131252150
381881225 218763664
96236105 258475781
39170242 417364870
46816433 13999909
321845034 352230823
186712202 315813595
489616302 489183531
392445026 246741873
152280604 338809356
97141483 391710514
108156586 169879943
405482873 369970671
351400046 360052897
314433927 299046270
447253731 383524512
69973298 331058997
281175915 165929102
423947709 96562803
60903879 199034810
28566283 14871320
307789216 137653046
82322472 299869447
452797954 303664218
203490753 44834731
12667356 261863999
375968166 264964208
312490369 271294021
359617359 18976581
18587434 193294989
57463125 193780257
431043698 331315328
24
9234286 246265006
222132237 282976353
163823854 171262420
67885816 126010668
415627437 220232748
346404618 73855226
16135342 447020582
419447615 100958952
199877898 407665065
201001961 281827781
70104426 238769552
315768365 208245399
22590862 324097576
404077188 52629780
143329225 319264435
21663036 407493673
284181379 2859752
276263412 90090358
144505270 133378673
175058723 18884304
294375793 394281067
34912914 350534846
30147928 82965737
129503709 155172348
485181816 340228419
92
42784230 133367147
56852807 50853024
438754740 420669146
220285950 65223725
102245445 41025291
492498957 113958328
470802068 338721535
18766948 354221092
442893860 147304985
32839091 84246260
63201144 396607137
180996851 95079124
17567640 93580354
278392030 306130193
323174803 203061389
432107122 243664412
359980023 428363636
424536434 8365579
40384859 129083599
225907429 142926104
25330901 228080859
177089941 399563808
192937348 76589494
71283857 381450277
186574344 103077092
431092651 52139468
273158149 304678349
37712635 266620896
222677668 433457468
481714011 465110989
56114450 434917346
434240233 445887014
372110335 317838289
144995719 38179103
368365599 130190594
77382238 469923859
263586732 366245583
173758551 429691392
3214563 68318841
207226785 266318086
275013763 444095651
83836718 87745516
47269969 242409429
51185461 55277979
63840406 407708411
364853682 461391009
386221983 49901795
1892065 118351535
368325180 373058242
158612423 473429787
88003138 445401008
238633641 123972703
448409865 369033511
412551571 232011160
261637615 472272520
380413395 281277960
386724819 73506967
263233915 61210773
382787483 268057594
17184994 75849031
61717166 24046013
99736867 359584973
357634683 300773073
478046364 275587065
121663728 386598024
332141169 221012032
438394627 464392474
394957831 256947003
47438893 76233252
454954121 408180777
401935850 225473316
175706471 272869226
126527546 25797374
77885138 416144901
113170467 13245050
215435585 16858147
15989549 454203588
284596718 445713298
441190372 308916714
132125274 95913795
68857946 282241122
105930949 113930957
232395427 208444801
10278071 151667943
192169046 106326021
435849082 133452273
79113235 338734988
46792605 366192748
173098487 114178586
4985715 375145086
235538730 478614423
146739602 50718576
12
102545548 327278512
317474483 60053823
471626754 10672284
69438779 40241638
465190690 448970899
479939641 258384913
378731214 52697261
496052023 238825909
187389021 20776409
215480951 422713559
313144856 328733016
230056812 45383444
182347359 347889858
60
78925015 307713563
13254287 78150355
42316796 303674015
387380812 86104223
119339728 57949825
208832592 435098172
446537890 188438273
41568122 403657838
265490820 213104134
333953456 378759390
190109134 491065496
323812698 157353877
224898969 416548967
113274853 416835973
420932164 281658179
405801792 405636097
78866675 212044194
175233890 98346816
294344972 329036573
439697090 365841629
197860792 107193075
467724253 76919898
389389160 483539077
236426675 363083160
362812493 46865368
26814283 289411936
477265886 36035351
124239403 213671902
475925846 124005902
245202912 256749857
142078772 43243183
274677116 435795101
444199097 258418065
287766035 24607912
344289901 186676076
118383165 223168512
480069531 54728350
270536600 464871748
99503312 450836905
318754883 213394038
337778784 128751795
266316643 453766527
336364001 244255749
482555553 346383019
466566830 80718476
335518378 287632681
222923365 52782171
133632431 452942989
41545834 1213223
384947939 451807821
82447714 28204746
481208831 202971719
174869176 444565953
493548225 36140346
456644891 289092526
40987496 488978504
241408766 255086038
328207418 208510843
342029590 451701667
345762558 137187644
94
21333412 32428942
337332980 105003410
330355377 297446404
189382736 168893548
165419083 101468303
37948962 3793483
328034720 121870787
148827999 260766652
179596942 473187143
422570482 403970209
42494763 141250391
224671801 172963757
311931710 95660609
131702149 435663084
304307908 261593065
176318110 392822841
405558892 373685829
104911677 467902150
193933339 279432162
69795729 432967831
388054890 478217309
128437178 155995911
63669283 371032811
414939729 842818
23782087 131425234
234229470 226360266
257383178 492318957
212408928 308344050
198652245 153614635
337788873 80790118
75340868 310956561
90900095 356779937
409660454 453021492
79920604 139165044
493707392 16378815
354624174 336109958
279648137 277928435
431596216 66106575
244343215 398927010
235028784 262715932
374451985 148911795
126135103 343814542
9665795 397392290
470856580 378542619
217666958 463735805
206254737 440978699
174339309 498680552
207646316 346155900
222762256 133845913
424063248 65648094
52914973 79862748
44946921 385629304
240262634 427533200
25364060 211920866
404462981 340487465
26179132 322151304
399995308 73681708
297033814 150100782
159491925 464827574
185521894 280165990
10787623 342351094
261818399 120903451
172457727 201348782
332806823 378627850
197582956 296073142
77899545 177998148
211232051 409989240
10666626 220175277
96105676 132688501
266043620 234992512
4381924 461955519
131650998 86188744
47689945 27364221
371815521 55228648
83318336 24289386
115604677 336259093
293813602 179545686
397825714 3997143
272059578 164630947
494037360 45565580
23345017 450564042
350878775 275554788
439412483 78334676
252731063 346958950
452306544 467907809
289089170 55567849
135924492 398166948
263430109 35495196
338440919 57699300
254324898 452998655
436327173 36585725
446448225 295912039
356040318 439228509
433929866 47483518
399657565 348544695
54
3371862 79802517
21905919 369338391
156121154 261816496
217552659 61194003
351006705 306650485
153110379 461900786
307184611 401399596
428683410 17788469
392785100 255428271
133607813 412899121
384445717 8493037
477778232 299915664
462816601 406600298
273684496 421276623
66357993 246549437
482166375 377442494
13790280 294456080
58845963 284791300
99672240 61519012
241663167 80436376
253894027 464619083
491932856 422361417
231585275 434129132
465980961 30953527
46905427 463580674
493113496 478566487
462183323 459680541
231877551 157965811
401398032 328463455
36934251 18705448
181263009 304933632
210141129 72255334
165996148 486358475
199271476 165519348
420807519 493232287
180615440 170522217
223515503 244645615
352356914 146798644
139586148 303710019
406602853 125639445
333406771 337486772
6926311 194654881
122753667 408962931
92209386 228604866
179100720 416146243
154105876 273161012
471613643 126739451
19591680 493107722
4730904 448327941
312954042 445237543
150930831 57580514
38327110 30521541
220421084 355225763
372577306 42252274
45
452403718 292621037
97623687 111543597
316596552 141268758
297028170 313741279
295904294 399116464
43020284 272385275
167386285 196898320
78660426 258397932
383316172 351107922
249820421 317202974
467363798 224673493
235985059 37909632
21680900 135305915
154801341 337620233
44700145 490602346
387209874 120108080
32812828 438011150
219037059 244651634
40079721 389494804
440292757 73976783
111722401 150759345
491387122 184904526
380385518 450509145
98979688 395950965
94744415 491326280
344337641 14297041
46991210 220837116
98514697 15660660
285936229 124700089
274941059 213309554
344184332 476840196
154227125 31935587
225206014 79184681
25821215 8645093
20236863 344399285
197536488 13712151
46899896 219593468
468694617 83611934
35664563 363058836
234310239 30907299
362995551 458090712
405015309 314325075
126879570 16376422
23221272 275521887
416918786 285720737
264385883 349199532
48
427917013 204342286
30623088 308075612
269958280 367409856
47724505 388800135
82640914 202867562
244871814 488637863
167864100 114295383
168249513 279369979
20079380 297785176
433294938 94522501
78782300 25953346
131743766 442379147
200701465 44069741
286610491 278200857
211849357 211473463
58498189 349281660
448648349 376835199
442392500 471235784
52483156 146517802
43629244 442514772
309927262 322045090
16174227 415253817
73814158 384719186
48084366 51307478
83449176 380394284
459445477 20237390
94649944 383325731
486999347 102358025
326902985 32855472
328665591 280759343
73061903 419238737
145605141 208682800
240407854 214364422
110744149 306529087
349907024 152304851
242749410 265359570
466994243 434464577
286660813 328660004
32218104 156648668
494418056 37884851
181616645 193738166
247535980 83092419
409143332 426219234
54445107 110728408
391569074 251672314
472693374 258689344
220336689 53245850
405550929 33272455
0
4938840 350061726
54
307941843 233695920
42147675 196413708
20118160 410031489
272060215 423876130
421475646 466146053
268865194 92642457
266275536 163112762
321080776 79071491
238966303 89293796
401178316 238353652
387080805 147534344
317935507 64008068
17946820 148299377
382995487 450799312
405684925 96328494
395328534 95884153
77740473 467480082
287219521 4033315
410457732 123215667
260444685 130362360
453015245 181118572
116785677 307432739
60075687 318872027
20921718 392574549
14657803 34435427
130404513 174121027
172895059 281541163
247978637 498159653
295909569 119561245
20984923 179194680
27006966 385686632
245330384 106490430
202814843 234091007
11868886 43637753
334446908 197767703
374832379 361842100
340750088 206859693
297410289 139507898
271544338 244728062
62354700 136750300
77486707 403652621
401693127 316793327
75124646 282517280
34049087 472786508
459097866 316447555
446659767 23565903
336095844 269415620
469346322 86825432
388807514 10789557
125861724 164797645
299896825 282071918
474838082 344173206
337438511 362615048
120366485 280849311
23
179787114 383980621
117241908 20938192
415948081 223610703
68495719 181548045
312224960 83002841
243395503 90953105
38121750 394897897
24328808 381187433
105191947 25315509
360863488 163312913
221073605 296291620
413809786 215967484
492726852 480892243
236985071 115213073
464897239 99658514
137958664 222675752
450429092 248122212
421793669 146846865
72370468 340031490
288736441 415848078
427247012 176319448
1548 180677076
253358022 110504070
0 0
35
424294354 100872705
47926353 38066404
145148948 431244001
60584550 43914095
193458516 347719763
280911036 42177555
389223078 40054188
147480023 155147655
422151588 235015338
32603653 310318380
114939114 208357611
87224018 227338881
176569497 24139635
107429777 287082156
2701013 141223210
63743706 292894456
318495559 189077084
209616647 344190289
163170460 111515447
295143350 371737034
421993732 184413521
64591434 253554967
405722804 285899295
7258474 239466260
304053092 361472383
392076672 251062845
211935697 230616111
202210106 343462195
177880124 89188691
264677389 304768829
3979498 295201523
368983981 481603268
184034722 170278011
286205847 235933910
2942258 470482746
8
0 1
-1 0
1 0
1 1
0 -1
1 -1
-1 1
-1 -1
111111111 111111111
81
61662047 137674165
103203358 296814041
361974356 70648278
384936934 123741092
55660011 169240445
339759037 125804618
69272400 136877915
249483203 64402778
169541429 150723970
121869274 232083212
312419406 16804330
440956201 172157624
32250067 487314672
54805658 331513693
237365761 477953490
52189787 22010395
226496153 101814068
449566305 314874041
78236512 276145566
310267872 334300448
352179613 350673147
610772 335984350
73008798 398656284
460602748 242862756
205239091 292317235
144774874 112777672
437393713 357803609
124768564 211262404
488132848 160569096
182013590 310919605
132636878 491821985
479481421 153603037
488229034 133301479
101340525 196936737
282178922 143285378
114465613 202982796
231818869 395565438
86931462 21869002
291972409 222563273
154015735 127302830
219367847 318439353
401317956 232045485
266814642 181473155
82379090 155403360
431979732 111862469
391392588 237900805
131025032 428695805
455121313 188003327
304426449 61295119
462094212 34226514
102195890 451206339
224639851 418377768
494030004 33003077
49470609 321798735
49222499 377599139
99046004 453592248
206110417 152906578
184363864 70506489
466053905 451347114
72842178 435147468
495187645 459872613
113186045 140192910
445116017 4421413
432796056 397861313
1150286 199137771
9120998 49275019
240472696 258034592
141625724 300382260
12088984 65830032
207703223 300617644
389158491 116423913
491259188 383579906
380825841 88293440
360568918 34924014
274241423 114881549
133740996 54623305
293042669 44158763
56166120 266871695
156057288 451021657
292434033 482101604
388187746 228701115
68
382798758 4110517
93654742 435242649
421899850 307664032
26608372 84178613
109166647 471950063
362004976 54559344
118359731 214772877
1219671 99985711
149196468 33420664
30449067 65826474
144196455 454379845
456866787 200008560
364015788 199218330
90587113 141640545
198261912 381539251
464560666 5707059
220125170 357030366
196261322 409062894
34400438 399551230
2075581 1547632
426317462 203487500
300475311 324153833
393892468 391651729
353646797 82020704
128506600 349254701
407542586 334317613
347209920 326267155
189963403 304247932
251908987 455917707
415398987 457934800
399074253 246384495
377341559 261992062
48159263 135910062
400103939 36346926
420474124 316699852
262946644 453657182
84975333 89399648
278480324 76529374
400912174 461062037
16614177 303814997
146052638 299248553
477091630 92617402
438135587 114424433
383063840 325779164
15434331 135710675
300111138 448742875
432538908 155190346
466859474 201139372
230052973 230703718
303626689 405691289
77353355 9615689
131910135 31877055
69198950 435645739
457854573 463574670
110336545 347030999
490971282 125161548
101570709 15464748
169452231 408521363
303765198 306334877
453186530 450629582
322914957 433984690
296150190 450283456
454001860 363863172
418621545 72402942
55200029 105353029
226384453 269155951
281225331 355177397
415281640 401302483
97666521 200097584
75
486141662 262213934
111854991 235551261
475778714 28823526
215108780 98830873
434810636 65424754
284036824 152574463
429951890 349806469
489114843 326049825
296835709 193113643
421490863 266190175
6755989 181748287
94987271 314621107
270134931 477398771
215215301 335921574
382857125 442844748
128521602 493882329
161354222 184225954
333178378 1318525
31047428 8660772
259783133 48895195
408278384 208164691
24786608 328876749
62721329 349246338
190222570 410667587
389364793 356581725
111074087 154448575
69794798 281514335
232406712 155589081
413605034 12510297
326261281 72973500
171919419 106061554
267363482 290063271
210124388 361209122
12845966 337848173
358696539 449841590
176632351 297820149
475232073 437933519
21268128 203730362
332088013 75501923
241863706 39548237
67512185 174657978
141927624 120483022
53204307 198729458
192098459 37625207
144513622 447388539
209980086 223396369
379715310 355169436
341080563 228200828
267611519 360926189
390165852 27623467
23195359 333098459
281692595 246025894
39581911 443695655
428499690 180525319
423395239 220245350
433431980 176469629
93545855 104500610
290173138 41139404
58332934 246038072
31846639 45512395
198387927 7647641
58629573 432623077
81180159 328752265
28265421 161435545
337962624 177447235
73073331 189303801
15222225 360471251
374659799 162559790
373537627 192747674
475552718 441311475
243326462 311455949
128177630 211582485
65811594 177026038
405756038 14407162
465254470 72359026
20
183778091 377250267
20438634 240557451
398446554 24646768
454113024 96777395
228252564 312581392
128286075 352055850
392693 363742498
315987224 188975463
281901181 20163536
494494265 429593576
29164302 425074569
329926115 141490604
284386674 62557567
175255105 290803128
8944083 113891881
2008095 121914261
21990977 181211843
82903664 110078672
18405424 443575241
459908040 83352442
268392921 200304941
43
294301533 19478615
114727946 332635785
112035932 113171606
109338180 158849855
394461975 80002584
363817953 377325628
167683837 38277182
402281698 364071523
388428352 89683470
89719884 375848827
120685143 138418096
479664294 146302897
349429886 91544308
151190654 4079380
431299634 215324873
36438244 416162072
355489973 45040839
294393325 347671572
83661968 252843431
27083314 169566148
142751243 209779397
248705870 228196040
59303095 332809125
433341795 84162595
136513253 446358379
315635606 266661308
15573292 256019041
385813391 254514912
457073896 247274869
21816570 209453246
86614709 458302648
79206664 51377898
450701560 153028064
150014447 434045403
119235158 336199111
246548581 446948973
105541946 167895018
97680937 480200544
178782292 458126315
221952379 226168279
115237909 28353808
55475103 465779161
80312372 37771201
55
66451797 198408935
2883626 239147768
417969623 128779412
290651443 220678736
462799701 79015509
201064019 21391879
347366735 38905572
126231733 54006702
475183038 179161036
407413817 147271150
216394378 430531568
31292147 95923201
295421202 183630340
4242091 215281462
94768808 346756625
28132958 17987697
22227986 197862134
116346812 100607657
56433162 216998626
68875944 119506793
3425727 384868315
10515900 124821583
374156882 404634170
402547138 194944656
382930010 69997100
380388923 422899314
361717088 196434227
97258460 202965712
295676771 115794851
246023692 375763098
421374805 202261797
144938088 371918675
4672669 141310264
296175935 99520401
180630419 49867947
156060950 451559040
153110791 339702051
230447909 50423647
39568826 169491355
439215576 440197889
49396195 140125152
101338703 162215502
218302891 193588753
220834271 337112512
271351986 345141541
66654863 187720422
246376328 356467044
110055067 42276836
98761268 472672237
26560756 99295984
304879537 74177839
465542334 83117015
412966508 303375215
260858320 225326198
126442183 401207112
462460375 200752421
69
410588508 34204583
120506623 26804834
89615840 134482423
45247859 426371469
166444845 461641830
375798259 179311541
290696915 62702256
228680946 440147687
71679173 235470548
221177988 447813555
201092572 199175828
248952805 457182894
8052563 467384566
375624944 340362224
28282954 407768773
204886184 465721495
96277827 266637841
216790451 187763010
336440232 93659563
61749210 263522710
464311619 213074346
49060747 174252733
404950212 299836393
419776855 431021538
425908542 273329798
77373300 343603126
54712234 205159525
340044860 452399342
339077219 216902315
117992620 482412739
63620009 367817539
202827494 426490737
284437790 89215069
424285871 126341560
435214156 108914153
386348274 245173854
218710813 127818016
103055675 385657259
224687201 75924220
329646141 451793643
63140172 383327419
382537292 8920560
339528437 363403872
154268644 419748749
357014744 282816306
28600352 208924700
128438356 429159483
227039812 268365561
83312942 308040906
465622836 373569541
91678476 215023346
338810874 73641252
232551931 354355465
455045187 39153599
297535210 62924329
267916259 46928963
481014061 56061874
396015181 11706784
150513659 40696262
343400220 303328202
49104624 202939084
4040333 77504060
217211532 153148654
123833090 72493424
174840498 155691163
284509312 329299816
437455401 110424325
460275762 24802856
382469918 172181668
46
4820939 389698280
60825640 283366304
76114239 281015760
398144212 454114343
441317728 127815186
251558651 366373763
498879871 169397488
495265259 317380766
392481797 100211999
354956868 161089562
2794476 393910602
434706043 94708425
117953860 75923599
38221402 442642741
289386159 232630271
314929277 274975770
96645605 230649890
150265303 80938216
97798961 410309489
349323307 129071426
368626162 194297562
326083475 30485633
399785499 408011072
208907772 372665137
25213107 187866617
329261736 377580690
446658902 190518606
159089067 335152152
403309746 275795453
41379695 182584812
348859659 310575290
459456305 32522345
337684663 298207914
9454209 26844320
91111842 104269799
206257605 131599573
388317132 327996160
288022454 2617600
406662342 474947702
321573601 317419341
2381625 455387455
486290472 202772891
234691422 145982534
11055679 225508608
388945799 482936809
405347376 325092676
105763893 70773216
51
75957272 449710299
-183430428 -189272976
398869782 274269632
-8009805 -133501938
433717835 139540770
-398971269 286127524
387699383 385098954
-18760634 81329459
90638990 -6140654
-297397870 270248334
344062393 -352513175
-455724847 255379680
179578451 49737427
-48696087 -497372890
-402585299 -218441625
-271779916 194175665
-195772341 -396502576
-294919552 -440932699
340804453 -152285236
-147153264 358084477
266686566 -37466448
191762330 -248598651
-27405328 -264095006
406599 -385079458
-65814058 82460510
-296139594 207483517
-413609568 -344283086
-380163847 171701165
-90854133 -385246463
-59187306 327945096
-424132473 478361987
312142855 327089922
338709431 -456594428
203551034 -428780066
-433439243 46274529
24381970 -186585801
-390592309 -62531058
-115801115 205463545
20889210 -157026414
97362172 -8342171
-425527689 145622025
218318102 93578640
465239529 155309602
-244853275 488314852
-284245459 -271845858
-77975152 -259931234
357081426 -289517993
152169263 -199814578
-71118179 209638327
386851154 485768794
-245170426 -129361348
77
-273893503 152294670
-387183433 -216852080
-321916175 -254351539
-392985227 -129182361
-69624893 -216141450
333694924 -380554464
472323167 272165867
470146020 -485413554
-318132404 -352730866
-349579960 -301798456
-95827527 -79813175
83939688 -397094362
486812664 -428994550
40828441 -155103158
305706494 -34452673
-435512304 -457761068
-482818588 -360092450
84428650 -254871124
177941608 -483253537
-367312345 -414171012
354372973 -241433024
-268979030 -491735756
-393453962 -363720831
439756347 -307649916
339858735 214422309
306375046 230632549
-469573147 -243653577
131275545 -205767023
-386131959 -495973694
453431273 231596806
305153201 357474904
115254734 476120711
-91221737 -398465396
-272087038 -350605029
233699096 -25576072
330554278 -314158964
-150010954 374252088
-165406659 -470174999
425390998 21895533
220341295 150280453
-218236541 -148485189
-366994104 -20659467
-83906327 63154251
840502 53872790
-111537573 197719881
-331550706 -303878651
-210129395 226097767
-480701240 -250461147
-389876134 423756633
30541758 -466274020
-405502400 29032535
-362264271 -120374058
58664415 212290718
178898373 -83427455
19918590 -466066705
91236096 496749071
-303763066 186973710
-345634354 -333531976
346996741 287677253
461503744 -372556427
341235756 -377305377
-242752056 -139591035
-464488623 -81852243
445252158 -49608468
-6026002 271847044
258279903 -490438416
-212058336 -483129156
417594889 -197704038
-42082007 -367313229
372115072 -320224709
260242414 55905096
257886700 -143270172
403110522 70566240
173396568 -207117076
-112183687 -344193947
-381492811 -460448658
-365733698 -176748350
-131592672 77190516
33
-384312052 -419957351
-96848566 -391966437
127208402 -406559644
146225012 -415219048
340060052 -488419665
-366160504 -446272323
-5374654 -338426762
-475157201 255021297
-341385378 -25120852
-448108571 349063889
434879105 -440524617
379061628 -467206996
411107284 392636146
112916633 251968007
-95614057 -422110935
49218357 -87563750
300816285 -277613023
-311413475 276159569
-163373619 -417264371
462704243 -348255028
-320399197 -20755430
433979435 90456288
-162862162 241740004
-293624690 -444121709
37303823 -454763777
366983610 361512484
173212416 39783535
-156364256 25033345
311416907 248968752
268289797 95541710
230750414 210692270
-70864638 -455889691
-32894210 -324411826
92
-139005861 -462884814
-117888034 -115937839
226429920 -360451867
178922258 -261289828
126356934 143520336
292750338 -155015681
-477380653 -147926277
65185252 -481759006
58040911 169010897
-338759757 168554709
-490982777 274658722
-421996882 41264776
-387521717 463944098
142591190 69802065
-175327888 6553064
-90130573 -436721495
357948494 -93245199
402513808 448742063
-260832702 -174396646
45543034 -209518428
447804717 262411561
443392069 -430904723
241567987 13897413
145864263 442871316
-373586434 7864569
167575451 -231166393
456262585 -373615946
-299313249 -66907944
-92323563 -398744754
350900342 -418552517
353705735 -93187335
207595399 -70600437
138256135 -102832301
58629628 414205061
-423380077 -1556516
440329540 -80555252
119007914 267863159
208941458 -298391645
298254930 32830956
-135211940 -406270602
-274736366 -423165850
-43909924 -268569006
310909048 -421982219
54739602 293669160
470746517 479449358
-155777600 -234538866
474221436 316990726
370343917 -194524867
333379527 69154970
-366846365 455670420
246406418 -126085014
-330580815 250798868
466028413 -379298439
419175721 112506082
-457683666 261869487
-129757341 -267066295
170318029 -173785513
198775480 -26587595
-30160378 -27779935
188079816 -215023944
17276939 -346382814
136697332 176089993
425250832 -315292849
288443877 195666560
-294173747 467603461
-460174844 322246683
182125055 -315959292
112642047 -16531460
446300903 -144685201
-22271414 -254405271
-397722423 -167102642
-410629476 106753995
-33807250 337640460
141348462 -366750928
-448788061 -159525382
-129772161 437718217
188999608 -362424886
-331227565 -980628
-480383486 -173954796
73269423 30540819
92157017 -494071083
-438759905 -458428838
-256056422 144830954
-71184272 -462510843
238305318 -420150886
-138204618 -381790599
327676514 -196155895
-476894905 477374270
-366319819 61537990
-44232386 -76796797
99359885 -122042050
91683834 -233575270
-332276710 79089492
15
36544904 -251403515
-70828132 129212391
-383763804 -384550250
-10743096 -285015307
182446327 -94834036
-238359847 -365995554
-423368955 -199772170
-108844171 392380484
-459404234 -398050137
303436388 -401066037
-482143914 -240725579
341023766 -39783780
-22689004 -137242629
-53370853 -382226460
340663427 472595607
55
-280932560 260416203
-147578726 -446077262
-179592471 -472855288
384609438 -80141197
-358809531 294996267
-401008808 -306715206
-168837536 407244032
402529373 -441454727
141486952 -173889085
79238295 -89208230
305798945 -63190873
231593154 -411159239
-220284575 -470619822
286214641 -155439195
-398583659 377162846
414116871 349503587
488230458 460708825
425656382 -298797077
-176232091 -474976314
375830948 229692648
-413385413 398434971
-299547752 482742460
284343673 -60902463
211036754 126803963
-286009106 480642583
62857560 -145972501
285395964 282914416
139329034 83029514
171040539 104662544
-295775209 -40252280
19178326 -366063822
-266993147 480382665
377478860 417065349
397152173 439131876
58200368 -436319574
226869437 235264806
246360137 360318136
-457334987 210711184
-450795406 332123320
-402511894 -6673067
346488091 -131862230
-339955451 -480564899
113650503 -212406146
-126440827 -381094715
129564684 -497884773
433714361 -425917860
-220857577 -291175844
-342733625 242268200
240051493 351773710
-386603224 299015135
-267701110 294581747
-7817175 -397940370
-405558354 376487874
-464360852 -28244107
-339655797 63694885
-115032040 79744329
7
-391426297 -479314562
-62176500 67949612
-269959446 -426375002
319428750 42590825
414113304 -198649727
-294082060 -486742125
-415140282 -486876383
53
421785245 -442362778
236378350 300432692
-86956572 -313467713
255128812 -6144040
378292281 197769345
-402210794 -332347999
-193393029 -490335492
-138485026 373559649
258422347 -452054747
-91673673 -116525359
83152530 318372888
-34221669 39437580
134156280 -441035375
-403942778 118417681
-476764306 -298512783
153857017 -166246332
-364806491 61279039
324576632 121456365
304211092 187877028
-470793460 236995256
-77395466 -261290002
409208257 -217240780
6598089 220005775
95862313 -215630252
-305458736 396708251
494870744 107668209
144692499 422616141
207092454 -370870458
422504026 -64419710
-174843792 -367591054
435350197 -128977860
-198695657 220700153
209469943 356755745
395458687 397677635
361148214 -493311750
-34663215 -278790372
58381645 146341428
-253701318 364252979
-413577382 258922594
-354338198 -431972965
-154069184 -161946951
-440474858 -318121907
340724262 165161107
-115872649 448266916
32908022 -275582996
189222088 252421599
-132823329 -360445464
266413515 418909602
48084435 -464642741
-70261435 260784246
-488969974 331653887
158070141 -381931452
-410979458 -440963438
