8
8
1   1  3     2      3 2
2   3  3     3      1 4 5
3   1  1     2      1 4
4   3  1     2      3 2
5   4  3     2      2 6
6   4  2     2      5 7
7   4  1     2      6 8
8   5  1     1      7
4
6
1   1  4     3      3 2 6
2   4  4     2      1 4
3   1  1     3      1 5 4
4   4  1     3      3 2 6
5   3  3     1      3
6   5  5     2      1 4
4
11
1   4  7      2     2  6
2   6  7      2     1  7
3   3  6      1     5
4   5  6      1     6
5   2  5      3     3  6  8
6   4  5      5     1  4  7  9  5
7   6  5      3     6  2  9
8   2  3      3     5 11  9
9   4  3      4     8  6 10  7
10  6  3      1     9
11  1  2      1     8
4
17
1   3  9      2     8  2
2   9  9      2     1  8
3   5  8      2     4  8
4   7  8      2     3  8
5   2  7      2    12  8
6  10  7      2     8 13
7   3  6      2     8 10
8   6  6     16     1 2 3 4 5 6 7 9 10 11 12 13 14 15 16 17
9   9  6      2     8 11
10  3  5      2     7  8
11  9  5      2     9  8
12  2  4      2     5  8
13 10  4      2     6  8
14  5  3      2    15  8
15  7  3      2    14  8
16  4  2      2    17  8
17  8  2      2    16  8
3
17
1   1  8    3   2  4  6
2   8  8    4   1  4  9 10
3   2  6    2   4  6
4   5  6    6   1  3  5  8  9  2
5   4  5    2   4  8
6   1  4    6   1  3  7 13 15 14
7   3  4    2   6 11
8   5  4    4   5  4 16 11
9   6  4    3   4  2 10
10  8  4    5   2 17 16 12 9
11  5  3    3   7  8 13
12  6  3    2  10 16
13  3  2    4   6 15 16 11
14  1  1    2  15  6
15  2  1    4  14  6 13 16
16  6  1    6  15 13  8 12 10 17
17  8  1    2  16 10
4
13
1   3  8    3   2  5  4
2   6  8    2   1  5
3   1  6    2   4  8
4   3  6    5   1  3  8  9  7
5   6  6    4   1  2  7  6
6   9  6    3   5 10 13
7   6  4    3   4  5 12
8   1  3    5   3  4  9 12 11
9   3  3    3   8  4 12
10  7  3    2   6 13
11  1  1    2   8 12
12  3  1    5  11  8  9  7 13
13  9  1    3  12 10  6
3
62
1    1 14      3    2  5  4
2   10 14      4    1  3  6  7
3   15 14      3    2  8 16
4    1 12      4    1  5  9 17
5    5 12      4    4  1  6 12
6    9 12      4    5  2 12 10
7   12 12      2    2  8
8   14 12      3    7  3 11
9    3 11      3    4 18 17
10  10 11      2    6 13
11  13 11      2    8 15
12   6 10      3    5  6 13
13   9 10      4   12 10 20 23
14  11 10      2   20 21
15  14 10      3   11 16 22
16  15 10      3    3 15 32
17   1  9      4    4  9 18 33
18   3  9      5    9 17 33 34 19
19   6  9      2   18 26
20  10  9      3   13 14 29
21  12  9      2   14 25
22  14  9      3   15 25 30
23   9  8      4   13 24 35 27
24  10  8      2   23 28
25  12  8      3   21 22 29
26   6  7      4   19 27 40 34
27   8  7      2   26 23
28  10  7      4   24 29 31 36
29  11  7      3   28 20 25
30  14  7      2   22 38
31  11  6      2   28 37
32  15  6      2   16 45
33   1  5      4   17 18 34 57
34   3  5      4   18 26 52 33
35   8  5      3   23 36 41
36   9  5      2   35 28
37  11  5      3   31 38 43
38  12  5      2   37 30
39   4  4      2   40 47
40   5  4      3   39 26 41
41   7  4      2   35 40
42   9  4      2   49 50
43  11  4      3   37 50 56
44  13  4      2   45 62
45  14  4      2   44 32
46   2  3      2   57 52
47   4  3      2   52 39
48   8  3      2   60 49
49   9  3      3   42 48 55
50  10  3      2   42 43
51  12  3      2   61 62
52   3  2      3   46 34 47
53   4  2      2   58 59
54   6  2      2   59 60
55   9  2      3   49 56 60
56  10  2      2   55 43
57   1  1      3   33 46 58
58   3  1      2   57 53
59   5  1      2   53 54
60   7  1      4   54 48 55 61
61  11  1      2   60 51
62  13  1      2   51 44
3
44
1   1 18      2     2  5
2   4 18      4     1  3  6  5
3   6 18      5     2  6  7  8  4
4   9 18      2     3  8
5   1 16      4     1  2 12 14
6   4 16      4     2  3  7  9
7   6 16      3     6  3 10
8   9 16      4     3  4 13 16
9   3 15      2     6 11
10  7 15      2     7 11
11  5 13      4     9 10 13 12
12  4 12      4     5 11 14 15
13  6 12      4    11  8 16 15
14  1 11      3     5 12 21
15  5 11      4    12 13 18 19
16  9 11      3     8 13 24
17  2 10      2    21 22
18  4 10      2    15 22
19  6 10      2    15 23
20  8 10      2    23 24
21  1  9      5    14 17 22 26 25
22  4  9      5    18 17 21 26 27
23  6  9      5    19 20 24 29 28
24  9  9      5    16 20 23 29 30
25  1  8      3    21 32 35
26  3  8      2    21 22
27  4  8      2    22 31
28  6  8      2    23 31
29  7  8      2    23 24
30  9  8      3    24 34 36
31  5  7      3    27 28 33
32  3  6      3    25 33 35
33  5  6      4    31 34 35 32
34  7  6      3    33 30 36
35  1  5      4    25 32 33 37
36  9  5      3    34 30 38
37  1  4      3    35 39 41
38  9  4      3    36 40 42
39  3  3      2    37 41
40  7  3      2    38 42
41  1  2      3    37 39 43
42  9  2      3    40 38 44
43  1  1      2    41 44
44  9  1      2    42 43
3