1.0 2.0 1.5 1.4 1.0
1.0 2.0 1.5 1.5 1.0
1 1 1 1 1
10 10 10 10 10
10 10 1 9 9
1.5 7.8 3.7 3.0 8.4
1.9 7.0 7.5 2.1 5.5
8.9 4.2 8.7 3.3 8.0
9.2 3.4 3.4 2.4 5.1
8.5 1.9 6.3 5.1 6.2
7.3 2.3 8.8 8.2 8.1
8.5 1.8 6.3 5.0 6.2
9.3 5.8 7.4 1.3 4.5
1.9 5.0 6.0 4.9 4.9
10.0 4.2 5.8 8.6 7.8
8.5 1.8 6.3 5.1 6.2
7.9 1.6 3.9 7.8 6.8
5.0 5.0 5.0 6.0 4.9
6.4 8.5 1.8 6.2 5.1
6.4 8.5 1.8 6.3 5.1
8.0 1.5 8.1 6.4 7.0
8.0 1.5 8.1 6.5 7.0
8.1 1.5 8.1 6.5 7.0
8.1 1.5 8.0 6.5 7.0
10.0 8.5 6.0 8.5 6.0
8.1 1.6 8.0 6.5 7.0
1.5 1.6 6.6 1.5 1.6
2.2 2.1 8.6 2.1 2.2
8.5 3.1 2.2 2.9 2.9
1.6 8.1 7.9 7.0 6.5
