200
1 1
1000000000 1
1000000000 500000001
1000000000 1000000000
5 1
5 2
5 3
5 4
5 5
6 1
6 2
6 3
6 4
6 5
6 6
7 1
7 2
7 3
7 4
7 5
7 6
7 7
8 1
8 2
8 3
8 4
8 5
8 6
8 7
8 8
9 1
9 2
9 3
9 4
9 5
9 6
9 7
9 8
9 9
999999997 999999933
999999997 999999934
999999997 999999935
999999997 999999936
999999997 999999937
999999997 999999938
999999997 999999939
999999997 999999940
999999997 999999941
999999997 999999942
999999997 999999943
999999997 999999944
999999997 999999945
999999997 999999946
999999997 999999947
999999997 999999948
999999997 999999949
999999997 999999950
999999997 999999951
999999997 999999952
999999997 999999953
999999997 999999954
999999997 999999955
999999997 999999956
999999997 999999957
999999997 999999958
999999997 999999959
999999997 999999960
999999997 999999961
999999997 999999962
999999997 999999963
999999997 999999964
999999997 999999965
999999997 999999966
999999997 999999967
999999997 999999968
999999997 999999969
999999997 999999970
999999997 999999971
999999997 999999972
999999997 999999973
999999997 999999974
999999997 999999975
999999997 999999976
999999997 999999977
999999997 999999978
999999997 999999979
999999997 999999980
999999997 999999981
999999997 999999982
999999997 999999983
999999997 999999984
999999997 999999985
999999997 999999986
999999997 999999987
999999997 999999988
999999997 999999989
999999997 999999990
999999997 999999991
999999997 999999992
999999997 999999993
999999997 999999994
999999997 999999995
999999997 999999996
999999997 999999997
999999990 20288500
999999990 20288501
999999990 20288502
999999990 20288503
999999990 20288504
999999990 20288505
999999990 20288506
999999990 20288507
999999990 20288508
999999990 20288509
999999990 20288510
999999990 20288511
999999990 20288512
999999990 20288513
999999990 20288514
999999990 20288515
999999990 20288516
999999990 20288517
999999990 20288518
999999990 20288519
999999990 20288520
999999990 20288521
999999990 20288522
999999990 20288523
999999990 20288524
999999990 20288525
999999990 20288526
999999990 20288527
999999990 20288528
999999990 20288529
999999990 20288530
999999990 20288531
999999990 20288532
999999990 20288533
999999990 20288534
999999990 20288535
999999990 20288536
999999990 20288537
999999990 20288538
999999990 20288539
999999990 20288540
999999990 20288541
999999990 20288542
999999990 20288543
999999990 20288544
999999990 20288545
999999990 20288546
999999990 20288547
999999990 20288548
999999990 20288549
999999990 20288550
999999990 20288551
999999990 20288552
999999990 20288553
999999990 20288554
999999990 20288555
999999990 20288556
999999990 20288557
999999990 20288558
999999990 20288559
999999990 20288560
999999990 20288561
999999990 20288562
999999990 20288563
999999990 20288564
999999990 20288565
999999990 20288566
999999990 20288567
999999990 20288568
999999990 20288569
999999990 20288570
999999990 20288571
999999990 20288572
999999990 20288573
999999990 20288574
999999990 20288575
999999990 20288576
999999990 20288577
999999990 20288578
999999990 20288579
999999990 20288580
999999990 20288581
999999990 20288582
999999990 20288583
999999990 20288584
999999990 20288585
999999990 20288586
999999990 20288587
999999990 20288588
999999990 20288589
999999990 20288590
999999990 20288591
999999990 20288592
999999990 20288593
999999990 20288594
999999990 20288595
