4 3
3
4
5
10
5
6
7
5 4
10
20
30
40
120
110
90
100
80
10 1
11
22
33
44
55
66
77
88
99
110
11
10 9
180636
210041
218869
235880
277265
430332
456029
557685
713883
762911
8828
49028
58396
153067
178764
249696
321805
338816
436618
10 9
33659
216796
223118
447559
473787
474918
492616
569365
954041
958502
27359
94447
95578
251800
256991
461425
480254
483584
924843
20 19
112710
147648
281040
502260
525916
560290
574204
574456
632907
633810
706951
723058
829144
830888
865926
891286
910798
935755
970848
972752
1744
79910
104867
107830
139960
158975
197078
270598
304972
389550
398296
461494
520197
629758
683240
718178
753216
778576
825104
20 19
17466
33865
35025
130982
168392
224725
301601
314019
361283
362130
394866
460688
524478
585993
779205
807755
876473
902974
917485
985217
97117
125305
145627
150926
163195
207259
221762
223863
267736
359841
377400
446472
541691
552128
568527
749093
761739
816825
842608
50 49
15123
15642
24820
38093
56905
59406
66293
76940
84227
91640
104096
130401
190002
191331
215467
234869
276560
377639
378581
384026
393282
401788
430799
507466
507604
507740
511429
520460
521243
521605
540312
545833
547977
561359
584613
599736
613246
628642
647770
661081
664859
671470
731997
768955
861473
865692
894321
921868
963725
975851
14001
14700
14701
56176
61345
92003
99793
114391
115034
123709
149157
166919
177374
183720
189871
200833
222097
228643
234060
238467
250061
309708
316409
317733
321427
347209
350044
354007
354009
369146
375673
376968
443265
443881
448060
448198
450835
454608
461606
469719
482845
504818
505963
517369
567374
587243
645958
675092
687165
50 49
15123
15642
24820
38093
56905
59406
66293
76940
84227
91640
104096
130401
190002
191331
215467
234869
276560
377639
378581
384026
393282
401788
430799
507466
507604
507740
511429
520460
521243
521605
540312
545833
547977
561359
584613
599736
613246
628642
647770
661081
664859
671470
731997
768955
861473
865692
894321
921868
963725
975851
519
3689
12994
13510
32085
32708
38780
51887
59601
78131
85906
104096
104468
107466
139476
153615
162172
189871
210267
210392
210457
229462
239468
254488
278188
300114
317602
317715
319175
345232
347971
391238
410439
417147
423413
430526
432303
454950
469719
473528
486427
492973
516682
603822
633377
645958
753313
836653
891624
50 49
12607
19085
32774
100499
114306
115374
121685
138247
145272
149509
180981
231191
261658
278112
278140
317760
322541
336846
360872
382247
385645
395631
411030
456103
469712
479521
482320
489363
509304
539798
576612
579870
580021
589289
612795
624678
648836
655775
694177
714854
721211
769950
779265
856917
861657
895865
916304
971683
975205
992621
24026
55096
87892
102767
125640
132840
146354
189929
201733
202952
218584
252443
259027
265533
275949
287630
300238
304072
305153
311990
324239
343785
358920
362857
369640
373038
443496
447409
466914
476756
491838
496697
508292
524811
534530
564005
567263
588969
612071
620441
638359
643168
648265
681570
708604
757343
766658
844310
883258
80 79
56480
77364
79317
89305
93073
96013
97601
101367
126772
142869
188347
192277
203407
204137
208295
234358
271633
279091
293272
297234
305896
308980
310016
310312
330052
347345
351816
366496
367526
379563
383759
416536
419357
435752
445722
445964
452079
479929
486173
488709
500642
520788
528102
540285
580000
580269
581686
639889
649181
660244
681088
691722
704191
709135
717234
724814
726333
729670
730074
749551
781981
785825
805148
814628
840769
847308
850598
861064
861628
878920
884876
907666
915446
916064
926625
934494
963556
965793
986244
991705
7780
20884
31612
36780
37144
37329
44887
46038
46602
49511
84039
88407
93038
107324
141364
143208
143938
145475
154365
155068
171268
182178
192940
215153
217239
220573
222611
226578
232924
249416
249741
252500
258485
269010
274453
275186
280369
283550
290865
295336
319206
344597
350107
362877
366647
369988
379083
382729
419329
421493
455587
457803
463549
464308
484102
485602
497020
499357
503375
523520
525206
537531
540522
541170
549257
579280
581945
597354
603764
635242
639112
647711
818463
843375
851186
878014
896939
907076
929764
100 99
4603
33151
38861
43411
55829
71527
87683
90271
95009
95471
107441
126493
126547
133097
153611
157489
162577
166657
176779
178627
182561
188677
193379
196687
201919
204917
205529
210719
213407
217561
227627
233113
238781
241027
244009
259657
264811
273641
281357
286453
289763
293431
303997
330067
333101
335123
346309
348463
359837
364241
374039
408427
415999
461327
466261
500173
503827
508909
540751
572801
582139
582203
589493
591709
603149
604073
606341
607303
609307
620033
622247
625489
643661
665207
691877
713827
721843
739087
742591
763757
770359
773897
788497
805073
807787
830597
832927
839483
842323
878221
886519
903979
909911
924713
942269
965843
966871
973081
974261
992659
1848
21138
36636
37566
42312
47250
49548
50390
50830
56700
58602
71648
73304
82030
84534
85944
90600
93342
94236
109446
111200
115910
119640
121056
124334
126724
135932
138104
139704
143664
146508
164186
173916
188156
190342
191946
216550
217670
233682
233700
236754
254298
264900
274238
277212
283700
290366
292388
313158
325728
335794
341706
349026
359140
364082
367170
369468
382692
393462
395070
409314
413924
415396
422836
428660
428868
432080
432470
453068
463288
466422
468950
488832
513802
546052
553390
572430
578836
582666
583580
586978
598456
604704
608386
625798
628554
639440
640800
645210
661950
668958
670350
678580
679650
707214
719184
725844
777432
806694
100 99
4789
5231
8117
9007
13441
35839
53887
54541
54869
67883
81737
92791
110923
143999
145349
153073
171401
172427
204751
211583
218279
232891
257707
257921
259801
267797
269683
281971
290533
292459
298579
302779
312241
328781
344917
359323
360497
372511
380629
388169
411611
419557
424003
428033
436831
472027
476089
484751
490057
519283
525731
527489
529547
535511
538739
552917
553919
556849
562739
567529
571601
576167
586123
598541
602351
609913
609979
611887
614609
619771
624851
627349
635777
643081
682943
694271
710951
715489
717551
726697
733939
743059
767623
812183
830051
834629
849883
854351
887671
894511
903391
907217
908909
924337
927301
936161
957977
962413
984853
998017
8662
9462
12418
13008
17370
23310
24908
25764
35250
37428
40730
41692
43008
43252
59026
59610
60282
65194
74742
77988
81978
83068
84182
88400
91398
95718
96694
97256
108288
122922
143422
143568
168242
168912
171408
176694
180814
189666
190594
191856
193594
200276
204214
210916
212928
214706
227162
227660
228068
258940
275784
278760
284342
294540
302938
303804
306102
322200
335910
342204
342880
351206
357070
365050
365082
374940
381372
386376
418740
420418
434280
435360
436682
475660
485352
486036
499030
499368
533950
561186
561512
572808
577348
617388
635814
661620
676232
694410
704492
750830
816118
826512
829840
889950
898160
903116
905226
922720
979622
100 99
4789
5231
8117
9007
13441
35839
53887
54541
54869
67883
81737
92791
110923
143999
145349
153073
171401
172427
204751
211583
218279
232891
257707
257921
259801
267797
269683
281971
290533
292459
298579
302779
312241
328781
344917
359323
360497
372511
380629
388169
411611
419557
424003
428033
436831
472027
476089
484751
490057
519283
525731
527489
529547
535511
538739
552917
553919
556849
562739
567529
571601
576167
586123
598541
602351
609913
609979
611887
614609
619771
624851
627349
635777
643081
682943
694271
710951
715489
717551
726697
733939
743059
767623
812183
830051
834629
849883
854351
887671
894511
903391
907217
908909
924337
927301
936161
957977
962413
984853
998017
8662
9462
12418
13008
17370
23310
24908
25764
35250
37428
40730
41692
43008
43252
59026
59610
60282
65194
74742
77988
81978
83068
84182
88400
91398
95718
96694
97256
108288
122922
143422
143568
168242
168912
171408
176694
180814
189666
190594
191856
193594
200276
204214
210916
212928
214706
227162
227660
228068
258940
275784
278760
284342
294540
302938
303804
306102
322200
335910
342204
342880
351206
357070
365050
365082
374940
381372
386376
418740
420418
434280
435360
436682
475660
485352
486036
499030
499368
533950
561186
561512
572808
577348
617388
635814
661620
676232
694410
704492
750830
816118
826512
829840
889950
898160
903116
905226
922720
979622
100 99
2731
11719
16651
53717
58309
67531
68209
71867
74149
75541
109943
170243
174673
180541
182687
195023
226657
228257
240341
241567
241877
245671
245981
248323
248477
266449
276961
278387
282313
282617
288751
289243
290669
291997
296243
306389
315407
327871
333503
336251
369181
392473
397297
411167
421361
425641
431693
432479
444401
449699
457643
460711
466517
467591
470207
480979
482837
488003
496073
500671
505367
512093
548039
549091
550607
562673
600449
607723
621223
649921
659423
674669
677459
689641
704453
713873
715613
721439
741569
750961
761227
764261
770767
782209
786587
787793
803189
836131
865259
865937
869657
871177
878239
885307
895423
904157
929483
940543
947773
978323
2754
5240
13920
20844
38200
38220
38928
40746
51700
52402
65478
71418
74620
81836
93308
101054
104710
107994
111344
112386
113656
114478
121392
127208
131340
136038
151626
158448
165244
170826
174328
176282
178372
189816
193492
198978
210426
213702
214356
214408
214938
216222
233782
256884
257094
258214
264198
264384
273870
280170
282426
282534
289266
294054
319860
320796
322062
338418
353152
353844
364270
377934
384958
405318
413784
423264
427864
432462
445958
454770
457980
473116
487300
493648
511806
522384
529008
529686
540940
549056
577186
585850
593232
594018
604992
618462
619956
624060
650452
696010
696730
703894
711142
718378
748230
767922
804090
866926
920014
100 99
13001
16139
20063
26891
34673
34847
49031
49939
60679
84551
112759
139901
141301
144973
151967
154493
162391
164377
165713
169523
193513
198437
200159
200257
201821
205427
206651
211817
211873
217057
226099
228251
271367
272537
290509
306703
321163
325201
327017
339491
342761
345673
354701
377297
393997
395407
399541
419557
424121
429931
430093
443749
450287
452531
455233
469939
492911
511019
532907
533887
587051
591887
606833
616639
622529
623669
657617
678409
702239
708343
715073
724447
724597
737251
750719
752053
754993
769261
779869
782107
802027
806087
809917
824477
846233
848761
854171
866231
867301
870329
897601
905693
906539
913417
935413
945887
949621
959941
973031
986927
11714
14268
19404
21672
21846
23076
24476
27114
34060
35880
37444
41050
42274
44254
47496
47678
50726
52680
71550
81126
83278
90252
106990
124266
137486
138966
139098
142326
144314
148238
151376
152712
156522
156786
160824
161934
164626
190324
198816
204948
206870
214258
225092
235164
259536
259744
265716
279372
282648
285054
285910
288154
288786
362748
364296
380900
380996
391630
427976
442078
442232
452262
457956
467156
479910
498018
506522
514032
519906
537862
560070
560220
574638
586342
587676
593832
609528
614768
637650
641710
655428
660100
681856
701854
705952
724250
741992
756108
766868
822550
841170
860272
884600
892692
893538
900416
922412
932886
936620
120 119
6551
14461
26017
50971
59743
63863
64609
72901
81971
89269
93937
93967
97301
99349
116953
117389
138053
141079
148927
173981
183119
194057
196193
215381
219223
227743
237287
260111
265417
269719
272411
289141
301381
310733
315461
315467
327757
334429
338033
338669
344821
372299
377287
388181
400069
408263
420037
428299
433073
442019
444967
448207
462097
471487
484027
486091
489053
491731
499349
502717
512011
525431
541483
542323
554791
556159
566701
573299
579541
581201
601949
605497
636359
637163
647587
652543
661939
665447
670877
684727
725909
730139
732497
734803
740059
741827
745649
746533
766939
770761
793537
794389
796751
816769
820319
824843
825421
842657
870931
878989
879283
881611
890789
901193
906749
911179
917893
922123
924191
929303
938881
957361
968329
974359
982171
982697
986239
997267
999377
999961
584
1768
10846
10938
12296
22408
28274
30312
31666
32262
36104
43188
47046
48784
54330
57330
63970
64014
66166
67136
67510
77596
87216
89152
121470
127614
135852
138110
145892
149928
151310
155550
156020
161442
168160
173956
176568
176610
180718
188040
198822
212070
214628
216950
216972
235746
245410
251240
252774
255954
264834
273758
288368
289640
295092
295696
297066
304116
308612
311820
312420
320758
321018
334492
345034
352750
368210
370736
371672
372798
390180
396544
396770
398082
431516
452986
470340
471630
488108
514084
514932
541634
564638
568002
568968
579968
605454
641082
643228
654556
655388
678176
679798
689088
692016
695870
697860
705000
714042
718074
725930
728060
728252
733960
760114
764210
774242
792342
799052
803120
805858
816258
850450
872732
876328
893428
900028
909730
939634
120 119
6661
21961
25253
28697
29663
35461
56921
57173
73477
82549
84199
96293
104743
107599
111103
113081
119129
128221
137699
142799
145069
152851
157013
169523
176213
184831
201743
212593
213721
236017
237071
246119
295129
299903
334667
349121
360461
365357
366077
379597
397051
402383
404269
407579
412493
421241
431191
441829
442147
448121
449689
449929
461479
473201
475751
495571
496477
501889
505823
518807
519427
539503
544927
579539
581143
583279
588383
593407
594667
598933
623989
634687
641833
642563
644549
647363
651251
674117
693169
695111
697519
702881
712687
725663
727451
727817
740527
741869
749677
760187
761471
770027
788687
791927
792703
797743
800123
800897
801487
803669
814747
817907
827447
835973
844121
846779
850261
861163
867259
882727
886549
909071
919631
932839
937949
938219
947539
965519
972163
987533
1886
9590
11794
15468
18592
19314
22036
26214
35808
38606
39994
45096
45888
50260
63752
63952
66816
75888
77538
80526
85652
89632
98082
100938
102238
103418
103594
104442
106338
106420
112358
112468
121560
131038
136138
140658
146190
149796
154070
155612
162204
162862
178170
186068
196758
210750
222442
239458
245188
255648
264166
265900
298046
302432
304976
305830
308040
323548
343224
352608
352872
353800
372936
390390
393336
409526
413638
414580
440898
441460
475148
489816
495228
497610
497850
512146
512766
516348
548060
555470
559728
564880
574482
576618
581722
586746
598418
617328
628026
630400
631528
635172
637496
637888
644590
663198
667908
677034
688450
699052
706026
720790
763366
771372
774006
778936
782026
786042
793462
794826
808086
820786
829312
837460
840118
843600
854502
912970
931558
120 119
4603
5281
15773
16603
27143
30319
32789
38197
44059
49433
54773
60493
77689
85147
90709
99923
109583
111581
135661
138247
154291
166861
174241
178207
186877
191861
206027
211213
213391
215399
223939
224131
229127
246017
249853
258031
281857
307903
317797
320389
331307
338287
343591
344599
349981
352441
374029
374359
375443
378739
398771
402371
408469
417811
426007
430147
448351
461101
464309
477439
530333
546479
546583
558083
585653
585727
589289
591131
610733
612401
620519
644089
646873
663599
679753
708559
709337
712883
739397
744251
746069
753373
762529
766237
766387
767521
778873
785803
791261
802951
805223
809093
813133
822727
830743
831217
846689
849119
849839
857951
877301
885883
887659
899153
908459
919349
924997
926087
932341
946369
949453
951277
968959
971683
979337
979883
981691
982603
987023
996187
5562
11658
25038
27112
36924
41158
50170
56340
58004
67046
72078
109614
114168
114356
128550
138984
144902
148956
149688
154962
160968
161542
161604
167720
172884
180894
182274
190430
201424
215084
219534
219726
229062
237000
241054
253140
261732
264834
275520
276144
283650
287478
294604
313866
315786
327102
333696
334978
338988
343710
345000
348420
372052
375954
394168
414258
421404
448648
459706
460692
477736
491520
497544
500014
500506
502942
514824
516160
518236
525586
551148
553480
558942
574528
577222
590200
594606
606130
622174
624282
633280
634668
655866
670846
681090
687102
693726
711146
715750
717804
734794
745926
746070
762918
772804
773294
778668
787572
792408
800424
800736
806124
806954
812782
818124
822758
841660
842086
844516
857340
870262
870300
878140
911040
941766
944172
952284
956704
977088
150 149
433
5003
10093
10139
15263
16447
17509
19237
19427
19597
20029
30109
31543
40697
49741
57881
114883
123427
124669
140269
143419
144409
155161
156593
169823
172709
189949
191773
202733
206237
210173
212969
245321
246289
268013
270799
275309
279577
298733
305803
307609
312401
315013
319183
321427
325201
325751
332011
355037
356143
356443
359621
362051
368551
373669
378269
394981
397799
399481
402239
404827
409163
422063
424271
426583
427957
428003
428683
444347
453833
466153
468527
471533
477913
482569
482759
491353
505357
510457
511541
515803
526121
531239
541267
541537
542093
542747
552031
556069
562517
569957
582083
588839
599281
603529
611953
621871
624419
630299
632087
635263
638669
647579
653111
654527
660409
667859
669857
678739
688631
692453
711223
720617
729503
738677
747829
748567
762899
766369
773849
774131
778993
779003
785129
791117
797057
797627
810533
830483
831109
845381
851689
855427
856637
864623
866093
871639
887483
902089
907807
918193
922513
925913
931067
940361
947561
948049
948907
951437
991901
5090
18804
23856
25910
27454
29554
29676
32824
33610
34716
34768
35148
40264
41574
46548
48314
51504
57410
57904
62262
65920
67194
69818
73554
74118
74936
76392
87434
96672
96920
97042
109854
110364
112946
115828
124074
128406
134142
137472
142868
143976
144516
148868
149792
149906
155200
163058
167848
169390
170522
171864
177840
183434
189980
190974
198000
203520
208764
209812
212982
217830
218528
220110
222100
228866
234372
237018
239086
241340
243602
247728
248106
253630
253818
268276
271284
274574
276522
283220
286202
288594
289556
299658
301944
309512
321100
323388
331264
336716
350058
352344
353644
369354
381352
382208
382312
388330
388606
395438
396870
400734
404946
408612
415818
423838
443914
455806
456888
459684
463702
464166
479034
485694
498324
500034
502290
504924
514000
515196
515496
534000
541660
546438
546648
564030
565836
566034
569412
580356
589314
598848
615550
620936
623780
628576
641700
646464
717858
720214
728970
773784
778560
785644
798940
807780
813758
830050
835398
852042
150 149
1753
5527
21227
31277
31771
38177
42283
51287
52009
57679
63487
67943
69623
75641
78737
80021
84649
88379
93089
95549
112939
114031
118057
118247
125429
126631
144611
148367
149713
154277
154487
165367
165719
189523
191027
191089
192263
193189
200437
206993
239933
242509
266381
273787
281579
281797
291647
302111
304151
307273
308597
321661
322213
327163
327491
335771
337283
343193
357733
367541
380059
387971
400033
401161
410741
413869
432437
442031
443341
447827
450239
450277
464803
472103
474037
476317
488009
488821
489557
501911
506291
519107
524959
526943
538763
546631
546719
556999
558457
559739
572711
585883
595159
628097
628357
631409
637423
637883
640631
647557
649559
656291
657493
657589
670613
671039
696457
696853
714851
730021
731921
734381
743321
747563
753091
756101
761939
769459
779663
801683
806389
809491
812503
813503
821131
843181
846877
864541
865859
874799
879371
883471
888361
901819
918329
919231
919951
924881
925063
934069
945671
947389
948377
951283
958543
988607
995053
995381
998983
999521
8608
11232
21826
29232
36750
40632
47310
49452
55486
56634
58728
59408
60340
61308
62950
63726
64896
70800
71276
74762
75822
81142
84912
85424
86832
93658
100148
101144
102328
104826
105196
106272
112290
115010
117708
128026
132036
139048
141780
146614
148038
148800
151506
152350
152404
168966
187750
193132
208020
217122
224130
225240
229788
233688
235248
235296
241348
246218
249802
254024
256346
256588
256952
260130
263660
264004
264132
269258
273118
276204
279378
295410
297294
299436
304210
306084
312760
314112
316436
316686
327944
336246
340400
348896
352352
354422
365794
372840
375246
388166
391822
392082
397580
410754
412132
430320
436094
438966
453800
457832
464008
465826
466298
466768
474912
476940
482310
486828
488952
495558
500812
504538
514000
525228
543030
548486
564610
565080
579614
588242
591880
609900
610172
618116
622830
629950
631380
636266
658016
673720
686478
691230
698422
708630
727076
733740
752482
773558
778214
788264
792900
811410
828084
832184
859998
902292
903434
906432
910200
150 149
9719
15901
15991
17231
17431
25763
30071
30871
32371
40111
42463
42923
43987
47951
53813
54497
54713
62507
63443
72271
90641
109913
124769
125687
128473
150197
150883
159059
160753
170957
177739
189043
194267
194687
201167
208891
219433
222109
228427
231269
231463
245681
252253
264997
268819
274973
279131
287257
287747
317959
327779
327917
336109
340643
345707
358909
368293
385433
385709
386297
386689
402361
402823
421709
429241
432559
435983
436963
439063
448871
451109
451699
452213
463973
464587
469907
478769
482663
486641
488233
491497
491969
492511
493393
493973
505559
518239
520291
521777
545579
559877
564593
566179
568823
574183
588949
590819
611297
634367
634573
651071
656519
657589
658433
663529
668579
671609
673613
675109
676573
680651
693169
701507
744833
754937
781483
784501
794999
796933
816841
825131
834569
844631
857539
857821
863179
875711
880553
890161
891287
900103
907723
910883
924557
926567
928097
928351
941263
942691
957349
959627
962789
966439
974443
978883
986927
989921
993893
996011
997609
276
490
4856
9942
12432
15254
16064
16986
20352
44070
44778
45654
48178
49266
63148
67290
68730
71162
71220
76002
93356
95680
98550
98704
132840
135276
136864
139866
142398
143228
148558
160316
162042
169456
173580
178296
188750
191448
192374
192534
197400
197972
203796
205646
206226
212410
214752
225084
226500
227758
228348
241588
243584
249032
258120
260022
260940
265736
272136
275640
281076
286176
288812
294210
298258
308358
328422
344070
345598
350620
352354
354838
355442
361438
365190
367840
368640
375782
375990
385392
393048
395186
397296
402488
407120
412704
417440
418626
419522
421098
424012
428990
433558
437116
447890
460880
470278
472112
478394
478780
489174
489568
491706
495120
498202
506064
506240
508520
513918
515430
542388
542642
546822
552734
581100
606142
608604
611900
613130
621860
625130
635010
654944
668094
671570
705124
717108
733532
737496
740286
741578
748828
753898
765582
808744
814616
824850
833108
857180
867732
890292
890384
894486
908076
908892
917650
941298
961652
962892
180 179
2087
2137
3313
3361
5641
12491
17839
26501
26893
29137
33487
35327
51199
58831
66271
72227
84437
89363
101807
107837
112621
117727
119293
123791
142067
145969
146521
155381
157411
160933
163181
172421
176857
183437
183917
185371
186763
190063
190321
192343
193441
200869
212867
221539
222991
224267
226307
227459
230149
239671
242927
247141
249133
252017
255259
273739
274831
276209
279761
281857
286973
292091
293681
303493
304481
305111
309929
314351
315551
316753
325957
327667
327689
328277
336529
347197
349981
352459
362741
362953
365509
374701
390503
393901
395113
405269
412277
417883
423389
425813
439381
447779
457043
459961
465947
467633
473377
474581
480409
480553
483289
499021
509449
512101
515597
519121
527209
540611
545621
552821
565813
566311
568493
569497
569759
571223
581041
593707
597271
611903
615367
634643
638587
638669
648029
649751
669859
670493
683071
691727
694541
695297
711937
716399
719333
729991
730843
731911
742031
746203
757633
759709
781247
789419
796063
814003
816763
825779
827039
837367
846067
856381
857369
858233
859697
861433
861547
862343
863801
874117
878737
879167
888247
892747
893317
901211
915949
917617
925987
927137
944857
959873
961531
969233
983243
988147
990001
991057
996209
998839
1068
1852
2630
19014
21674
27960
29446
29604
29896
31924
37504
38118
39618
44830
49164
51374
54596
62546
66962
68496
70756
72974
79664
79674
81630
83236
87276
90170
91322
110178
112852
117042
121704
123924
125066
129484
129636
132764
133866
136710
139980
150010
150142
154736
158846
161406
169170
170430
174384
181626
182206
185622
186750
187204
188234
195048
195262
206630
210780
219960
224220
226894
228012
235846
236490
237584
243022
245462
260194
264298
266980
274122
284272
284886
288138
295570
301406
304482
313464
320512
325580
333900
334442
342082
344280
345110
355558
360654
377054
384460
388748
389588
393708
398938
402048
403182
403206
403634
411288
411652
412684
413104
413502
421302
434328
442660
453516
454492
461268
469258
473300
476010
476584
477232
477872
478322
481122
488940
497188
499822
507362
526336
532482
536248
537886
538524
541004
546452
564174
566406
567672
573528
591620
604364
605706
621508
626178
633256
636342
636500
665200
667772
673932
679524
682086
690846
691728
693200
708052
710758
714312
714912
715302
717246
731132
739944
746226
755546
763598
775550
779160
784154
787446
795340
825832
833196
838542
838798
850240
854294
876650
886160
888372
929938
967072
986060
987914
992848
994122
180 179
1051
5113
6299
7187
8377
8803
12791
14419
18427
23297
27179
28657
29063
29573
30341
34981
37591
43591
56267
62047
66797
71399
77611
81919
108131
112339
115859
116101
116177
128837
129287
130073
130841
133051
139273
145511
145547
146849
148199
153563
157831
158803
162251
164299
168559
174367
180379
181871
187091
192307
194717
214993
216917
228617
229613
235967
236407
239201
239539
239567
243973
244141
251513
260717
262883
270653
278627
278843
282413
291419
295033
296011
302273
308809
314227
318377
321829
325747
333871
342847
344917
348241
354017
354973
357661
379177
380291
416677
418939
421657
426641
427787
429389
437287
443161
447311
458819
463763
468001
470999
475403
489901
496427
502429
506281
514523
516811
517817
532069
547513
554969
558053
564059
568921
573791
574163
607991
611657
613667
622901
633401
635659
636721
639259
639637
640873
642877
662833
670489
674741
680443
682511
723893
727799
735331
741929
743423
743689
749093
750517
755561
757291
764999
785153
790703
795589
802573
808021
814783
822823
823451
826663
827213
844309
852079
854423
859223
862991
887903
905329
905951
906289
906943
915611
923567
927677
928793
938351
946513
947743
951623
958039
958369
966619
968503
969721
971683
971783
977723
989323
3320
13272
15630
16224
20350
22900
25818
26212
26916
27174
28980
34886
51850
56250
62112
62498
63276
65172
66064
67082
70780
78510
78586
81012
81736
82764
83034
84102
88162
88656
88694
92900
94020
94224
95774
105970
107942
110210
110400
110472
112894
115546
116666
116688
118978
122250
130826
131766
132616
133958
135036
138492
139570
145634
153576
156552
157138
160506
161906
167916
168684
170074
177154
177870
185574
193370
196476
203046
203946
207082
209628
215164
216488
218982
221430
222856
224004
224112
225550
225614
229166
232308
233140
250544
251054
251664
257862
260830
260854
265236
272984
277664
277772
277926
283050
286292
288274
290438
293590
295662
298026
310574
317152
328806
334176
345214
351362
353922
383760
387588
391476
392022
392806
396810
401148
403860
403886
430594
431412
433058
458304
458640
459550
465162
471474
474598
484830
497106
498722
499284
501786
514642
514750
547420
559622
565682
565946
570642
587002
587124
592878
599248
606380
610266
613616
626244
626866
630456
631150
632644
632748
634340
634658
642756
648242
670536
670986
677090
687046
705502
705660
709474
730218
756090
776042
791304
792726
799544
807480
845700
845780
910366
919334
929974
934740
939846
944436
959750
963406
180 179
1181
1801
2887
10007
10429
11197
15287
20369
22613
26737
29537
30319
31687
40519
44771
49451
55001
56671
59029
61231
66853
70549
77491
81293
82031
83219
86269
93887
93913
99661
107099
107243
115319
120557
125407
135043
135301
144349
146161
156487
168541
177487
182593
184441
203363
209029
211313
212867
213019
218003
218549
224359
229487
238361
258319
265717
267941
271079
279949
283139
291869
293269
315481
324431
336247
337277
337651
340339
340777
341461
342101
344653
352309
353939
354877
358667
367519
370883
371779
388009
390077
406561
411119
426401
434573
442033
443249
444553
451879
452957
455827
456991
465797
467431
470999
476027
515857
516643
537091
540781
542599
546587
550519
569957
580813
581699
583181
585883
595873
600337
602411
611803
612967
614863
616669
626627
630593
631931
636739
654421
657529
666229
670517
672323
677119
688297
693089
694633
697381
704579
711479
719011
723031
729403
734647
738877
746303
753341
769687
773021
781721
800621
800879
808559
809737
817183
819583
823967
824939
825403
828917
832837
835831
837937
839227
844639
850033
856697
866093
867281
868669
868997
877651
879023
892523
900587
906973
910457
919799
921889
938219
941159
942811
954539
957823
959263
961853
965047
981623
997333
6336
16944
17514
21042
22310
24116
29138
29378
30768
33434
34734
41106
44244
44708
47508
53820
54678
58708
62702
69018
76272
77952
77976
78388
83694
84464
89536
92222
92384
94782
98480
98760
104738
105988
108020
111452
112582
112934
115104
118708
131286
131480
136642
138204
141710
143168
144114
144594
153852
155306
156342
159196
161736
162084
163162
168400
169636
169694
172648
197340
202290
202750
205550
205954
212270
215824
218676
223634
225620
226678
229776
241676
245048
255110
256402
261896
263190
274318
278622
278768
292186
298712
300288
300360
304020
309036
329088
329630
334358
335184
343472
347958
353172
353696
357356
358386
358568
366338
368308
370202
370602
372816
379432
381582
388506
402268
402764
405380
406064
409938
414284
426692
426818
428916
433392
445210
449936
450698
454974
457878
465146
465642
466532
466806
469748
472860
476630
476984
481766
484934
485604
505704
510770
510810
519756
530040
541308
545334
546928
553928
559774
565396
566858
567740
568776
569226
579314
581054
584702
594410
600720
602028
605078
610806
613762
617748
623740
625446
631626
635604
643526
645182
674264
677100
677868
679346
684626
687116
692832
696200
700530
706780
732862
784314
819994
843150
859602
937038
980442
180 179
1283
8291
9059
14009
14543
17351
18289
25169
26713
32573
37361
53437
56923
69239
77239
79283
88117
93491
101807
104417
108499
109751
114593
132701
133253
139547
156623
167309
179581
181123
182243
188891
189401
201577
205603
208759
210299
212869
213139
222107
231349
237019
237401
240959
253273
255511
258277
260489
272933
278063
279137
280537
288907
292021
293681
295037
306149
317609
318179
342599
355853
362951
366077
370631
374173
377147
392279
422789
425149
425387
428429
429467
430277
440681
440941
445307
461327
462079
463921
464033
468319
471907
507197
516991
532421
541993
543793
548501
549737
557803
558149
561343
562579
568807
569671
570967
599519
599561
609619
610157
614267
614927
628819
631979
640499
642233
644383
654023
657659
659437
663959
664879
665299
665381
667477
687691
695839
698591
706193
707869
707923
711899
719833
734653
745517
747323
749557
757811
766231
769117
771109
783089
783791
797009
798043
802709
809407
812359
812857
817049
821069
827269
839161
844153
844199
845083
845657
860333
864491
865933
871867
881141
885161
887017
893341
899189
900689
902261
907099
907259
908671
927973
928043
928111
930637
934001
934669
936557
939997
943757
946177
952927
956929
965857
968479
969763
969869
976303
981311
983063
5670
7008
7776
12726
16068
16254
18492
20748
28260
31974
36078
41044
48128
52154
55896
58018
60064
67330
67790
69130
75956
80590
86834
89902
92594
93352
101252
103134
105580
107216
109430
118834
120402
120662
122426
125932
128520
131418
135212
155340
156568
163182
164434
166026
167780
180960
188118
188368
195034
196068
200294
208288
209016
210306
211850
218730
220120
222476
231300
234888
236118
241406
244058
250176
256994
259206
266982
270178
277854
279254
282810
287624
289366
315644
316896
320784
321130
348204
355422
355534
361398
364794
365942
368370
372600
372890
375864
382826
392448
405214
407136
417004
421506
423866
424508
427146
428184
428994
430458
435294
444480
460796
476624
489702
493298
499056
520320
532098
534090
540710
547218
548454
559990
560060
561024
567524
568312
568388
571388
574670
579192
596112
598236
598278
612984
613644
626154
628914
630696
638226
639216
643100
656376
658154
662676
663596
675350
694210
694556
696982
700908
706586
706738
710616
718550
728838
732850
736584
745614
746040
756528
766374
772642
781806
782508
790690
811574
815766
819786
837878
842266
842916
848430
859050
870584
885734
892058
905816
905976
907388
926690
926828
929354
933386
935274
944894
975020
980028
981780
180 179
1549
7901
18793
19913
21341
23333
24049
27259
34607
36899
40529
47237
53897
59567
59929
61331
65179
65239
65371
70141
76289
82003
83267
89689
101719
103567
109589
120691
123997
126317
127717
144541
154087
155777
156979
158371
159683
160757
160841
162343
164569
177787
180331
183047
189853
193573
199877
205103
208129
210823
216661
219587
242083
248879
253447
257339
257689
258733
263869
271849
275773
282383
283571
296047
299107
308383
312199
314813
333187
333929
335507
343661
352813
363269
370801
372973
373459
391021
391817
400087
400703
407747
416719
421891
427417
436091
437687
440641
442829
448793
449209
451013
461887
468737
470689
472457
472573
480499
484493
488249
491501
498739
509441
512761
519349
519667
520963
542123
546031
548399
567209
568151
569431
571717
574643
577153
584693
591233
595183
599693
600659
601961
610217
613439
621431
631061
644881
684769
689693
710371
715927
718547
719203
728423
735187
738827
739183
740041
771809
774811
780173
784171
784213
786179
793939
796339
800447
803251
808211
813061
816047
825553
844621
845381
846059
846397
854387
854461
855119
859681
870083
874763
879167
881983
883451
905759
913103
914611
932117
946819
947743
948749
955711
962747
968003
968291
976607
977813
986719
989353
6352
17244
18364
19792
22500
25710
33058
35350
38980
45688
52348
58018
58380
59782
63630
63690
63822
68592
74740
80454
81718
88140
100170
102018
108040
119142
122448
124768
126168
142992
152538
154228
155430
156822
158134
159208
159292
160794
163020
176238
178782
181498
188304
192024
203554
206580
209274
215112
218038
240534
247330
251898
255790
256140
257184
262320
262974
270300
274224
280834
282022
294498
297558
306834
310650
313264
331638
332380
333958
342112
351264
361720
369252
371424
371910
389472
390268
398538
399154
415170
420342
425868
434542
436138
439092
441280
447244
447660
449464
460338
467188
469140
470908
475170
478950
482944
486700
489952
497190
507892
511212
517800
518118
519414
539996
540574
544482
546850
565660
566602
567882
570168
573094
575604
583144
589684
593634
598144
599110
600412
608668
611890
619882
629512
643332
688144
708822
714378
716998
717654
726874
733638
737278
737634
738492
747866
770260
773262
778624
782622
782664
784630
792390
794790
798898
801702
806662
811512
814498
824004
843072
843832
844510
844848
852838
852912
853570
858132
868534
873214
877618
880434
881902
904210
911554
913062
924410
930568
945270
946194
947200
954162
961198
966454
966742
975058
976264
985170
987804
200 199
1877
1993
2857
5167
5563
10253
14323
14897
20347
26297
28697
40531
53411
53783
54521
55889
59471
61339
67157
67967
70207
80021
81953
93407
101429
103769
108907
115429
118297
118621
118861
124673
125441
128257
147097
154873
158551
159167
160009
163871
166631
166741
174311
183511
184627
195359
197803
201743
203419
210811
213043
223303
227219
236641
243469
252037
253819
260089
261329
264031
291721
293617
294991
303827
305033
306541
307009
308927
317617
317671
319237
329773
330311
335161
336593
347143
355609
361421
363977
364571
366001
366419
374683
377327
377711
391009
391019
393961
398113
399031
405239
406271
412033
420383
431603
441179
450809
450883
457837
463433
464033
471277
493567
497257
497677
498947
499151
507359
508087
512537
518341
532099
536933
539449
544727
545291
548239
548869
551767
554887
558287
574543
575371
580513
588131
588631
590119
594899
595577
602839
612071
624973
630659
632773
636109
639263
665153
668873
685103
692863
702733
705829
707117
709537
709663
711329
715073
719773
724879
727981
732097
734431
737041
737053
744083
753979
761879
770663
777011
777859
785303
794477
800971
805403
821651
821939
823177
825397
833923
841987
855601
860341
872731
880543
888427
889069
893567
898199
901141
902933
921133
925513
932341
933809
941911
943903
951649
956083
959083
960191
969109
970391
971063
972091
974497
976817
991943
992441
996329
997741
420
3512
9292
13140
14184
14784
23502
27378
32380
36812
43876
44928
47620
52342
57238
62580
62592
63526
65040
76298
82362
87496
92880
101106
101538
101892
101952
102068
103724
104864
106266
107270
107310
116340
118416
120162
122646
126252
131676
131694
136116
139020
148332
148422
153042
155452
156330
160062
163884
163974
164668
164754
172344
175020
176430
178042
179376
182032
182226
190630
192108
196678
199056
204954
212368
223080
228184
231010
231842
232530
233046
234022
234146
235756
237216
239300
241426
245710
247296
255020
256534
265938
266246
266764
274084
274548
275898
280640
298208
302872
303170
304298
304302
305080
306336
306582
308556
309426
321424
333900
344044
353652
364494
367508
367952
370676
378942
382290
384378
393468
404054
407214
409366
411500
413046
414000
415960
421326
423222
424254
428114
436544
437026
438186
440556
442684
447686
457198
459428
467676
471432
476278
477988
489534
492996
496306
496476
498356
498726
499992
500160
503402
504336
510280
513198
524316
525606
526122
531012
531766
534076
534294
538006
553332
570810
572106
577358
580056
590454
595958
597982
606018
606882
607534
617260
626724
630606
632298
638206
649104
652542
653650
659688
678116
682632
693912
698582
700176
717728
737856
743156
746694
763754
766972
780512
787504
797256
799916
804084
805820
808368
832200
832380
832432
870888
883302
931658
965896
970098
200 199
3517
4441
6229
12409
14969
19927
20743
22013
32441
33013
34651
39671
40487
41759
44531
45119
47933
48193
49333
49891
54101
54361
68483
74489
78277
80177
88919
89669
97327
98867
98993
109751
109937
111509
113027
113501
121687
122839
127681
127781
141413
142553
147029
148853
152429
169693
171079
179807
185477
187111
216617
216901
217411
221209
228587
232411
239527
240659
240797
244567
247879
249797
254491
262957
265141
268153
272971
277513
278627
283949
285709
294523
301979
308317
322319
324997
334199
336577
337201
338279
338573
341647
341983
342071
350767
350803
372709
380459
384473
388813
400307
411157
416167
418373
439811
443063
457367
462467
463313
464279
468613
470539
478589
493541
494803
498259
502081
506663
510553
524947
527399
530597
533297
544001
544199
551951
556817
565013
565069
566971
580787
584971
587033
587533
588019
594749
601193
615491
616367
621461
634643
645907
647641
655439
657491
667427
668509
670597
674357
674789
678463
683159
695899
702199
704819
706201
707561
726431
729941
734273
739331
741677
743947
746231
755107
762919
763001
766373
772403
779081
793207
801517
811297
812213
817529
818113
828101
830579
841697
842813
848131
850061
854047
857069
860009
862157
862219
869293
870241
872099
886163
894779
895681
895721
898241
898981
901909
903913
909253
928159
932779
935699
948089
969457
978973
980587
985483
989797
996511
998243
2062
3048
10902
11452
17226
22436
23974
25816
31396
32348
32710
33132
33180
38370
42546
43662
45710
45972
48926
50584
51674
57108
58422
64042
64632
65980
66390
71520
73420
83138
86152
91170
95350
96890
98358
101346
101806
114912
116788
117820
120084
123202
126270
131440
133174
136850
138990
139282
140946
141060
144246
147420
155756
157180
162298
173466
182530
182938
186766
186826
192604
192864
194408
200460
202560
209372
209420
213384
217692
222264
222654
224568
228402
229320
229632
231348
235332
239106
246228
246470
247588
248136
250558
250974
251682
253084
256860
263198
273996
275110
278874
279314
283840
283918
284212
287286
289878
291006
291458
294048
294718
294948
301434
303274
308400
315036
316090
323772
335174
335340
335776
338466
338554
338802
340404
351226
352560
356796
362424
364944
365684
368112
369746
373580
378774
385360
387516
398446
407560
407622
411954
416178
424082
432942
439180
444054
444378
456192
458808
459796
465346
474006
475072
487678
488702
493626
499432
503146
510360
521430
533172
533784
536508
540388
561496
564852
581454
590232
601324
605952
606306
611974
619974
622308
623390
625374
657080
665580
674946
683748
684354
688026
693960
694212
698828
699622
702898
708640
712284
715678
742714
763290
773740
775564
799248
799686
803012
836706
846544
849660
856492
863426
882646
884586
928970
931122
947178
977070
994726
200 199
5419
6317
15727
31063
33679
39511
40883
43969
44449
50147
54121
62011
89087
93377
96337
107563
110647
118927
119033
120397
123941
125353
126743
133351
139409
144889
151643
152249
158429
160997
161059
162829
163211
163477
167491
171761
174653
177011
183479
188011
188603
189713
197891
203921
206461
209359
212633
217691
217717
221219
223481
225373
227371
229589
231611
231643
235369
240719
241963
244253
244781
246947
247409
250091
259781
299993
305477
308509
338573
344083
351047
354401
355361
362429
368129
381239
383791
396173
397897
400579
401839
402601
406981
417737
418169
422267
426487
431441
432503
434923
454609
455149
455573
456587
471853
477019
478451
479081
481211
486589
488473
491593
496549
501367
506533
509023
511487
515507
519667
525241
525979
534211
535663
536677
539309
545827
559841
563623
575137
581921
588019
591091
591751
597827
599779
601883
612049
612319
613189
615367
627197
630713
634181
640039
643957
648211
649381
653033
668989
670987
674299
674851
688087
688591
696719
701221
702139
709703
711463
725293
733751
734177
734953
737251
738247
742513
744199
744451
762233
767423
777817
785287
790781
793487
795101
802499
811627
819913
822599
825533
827129
832883
837677
855739
861541
865003
867319
867623
869317
875113
876433
893261
894547
902281
904517
923437
925783
926507
937969
947407
951589
955193
955439
958327
964303
965191
966227
969461
977239
980299
246
898
7778
8172
8280
10448
12048
18958
25644
38550
40128
44708
44728
48354
48702
49278
56592
62376
62764
67040
73884
74244
78108
78812
83668
90762
90918
91782
92962
97568
99288
102144
107810
113614
130104
130648
136690
138062
139470
141380
142682
146830
152832
153010
155578
157792
159306
166342
173354
177252
178060
182592
185732
188040
190366
192756
198502
201042
203940
207214
210742
212298
213656
214084
216012
218962
219954
219964
221442
226192
226224
229134
232384
235300
236520
236544
239362
240702
241990
245278
245964
254362
262794
270422
270874
277894
293482
293726
294574
296202
296206
298658
328704
333154
344496
345628
347586
348982
356190
356272
357010
362710
363198
371518
375820
378226
378372
390754
392478
396420
397182
401562
405732
411950
412318
416848
425882
426022
427084
429252
438652
438672
443804
450154
451168
462928
466434
471600
473032
475792
480456
481170
481530
483660
486174
488108
491652
498382
503604
504162
512532
519822
526618
530244
556740
558204
568882
570922
572692
576502
586332
592408
622076
623104
625294
626188
638538
642792
646314
647614
648416
667170
669432
673090
675570
681086
682668
691300
703548
704284
715036
718024
718608
719874
728758
729534
732828
741618
753852
766518
767908
785362
799884
801970
815136
832258
852378
858664
859584
861900
863898
887842
889128
899098
946170
952908
958884
964042
974880
0 0
