14
1 1 5
6 8 2
7 2 -2
5 3 3
2 5 2
2 3 2
2 3 -2
4 3 -2
0 7 1
1 8 2
3 6 -2
4 7 2
6 6 1
6 6 -2
7
0 0 10
21 13 100
0 0 -10
0 10 10
10 0 -10
5 5 -10
3 12 17
3
-10 0 20
-5 1 10
50 50 100
7
-10000 -9500 500
300 -8050 -10000
-9600 -10000 -1000
-9700 -9001 1000
-9000 -9010 -1000
-9200 -9010 -1100
-9300 -8020 10000
5
-10 -10 10
0 0 10000
-10 -10 -10
-10 0 10
0 -10 -10
2
0 0 0
-1 1 -2
2
0 0 0
-1 -1 -2
2
0 0 0
-1 1 2
8
0 0 10
12 21 -10
15 1 -10
11 0 10
0 12 10
-1 13 -10
11 12 10
0 24 10
8
0 0 10
11 21 -10
0 24 10
15 1 -10
11 12 10
0 12 10
-1 13 -10
11 0 10
8
0 0 10
11 21 -10
0 24 10
15 1 -10
11 12 10
0 12 10
5 13 -10
11 0 10
100
2777 886 -617
8335 -2207 6915
6649 -9508 -4614
27 -7638 -8579
7763 -9941 -1310
-6574 -9460 3926
-4789 5736 -828
6429 -7433 5368
-7138 -8470 -4218
-6865 4067 -4877
4022 9802 3929
8167 3069 -6942
5011 8456 -8607
7373 6229 8042
3784 -5081 -5579
4324 5198 8537
-3587 -5630 8315
-1020 6091 -6474
-3138 -8127 9956
7281 -3004 9170
7084 -9075 -7695
-3495 -9664 6327
-8687 -8271 846
3895 6124 -4143
8814 -9455 9582
364 5434 3367
1087 3750 -5957
-2822 7276 -3192
-4597 3584 5788
2399 2754 -7349
-324 5060 9932
12 -2261 3368
-1906 8586 6226
-9430 -9205 7539
7467 -9622 1434
2902 97 -3399
-3348 492 3317
-9720 7301 -9244
3865 -559 -5714
-3381 -1556 -311
8031 -5271 8440
-4229 8097 -1883
-9291 675 4481
7856 -5433 8927
4586 2353 9497
-5317 5306 6965
1528 -1376 -3781
-1171 -4268 2871
8270 19 -497
-3285 9708 -6632
-2204 8149 -3660
-7755 -7382 -9277
2921 3451 -7154
7488 2379 -6445
-159 -1772 7764
-8500 -4807 2350
124 -2236 7034
5856 6987 -5086
-7773 -3509 3743
-8064 -141 -1635
6437 2551 1432
5407 3275 9228
-1142 6121 -8526
-8763 6029 4395
-4182 3793 -1765
1011 -3857 4428
8776 9529 5928
5763 -5557 -7596
8606 4538 4613
-5182 -7096 6840
7369 688 5128
-3004 -83 -2083
9470 -2257 -6676
5499 8490 2183
-4356 -3275 -228
-1861 7505 5590
-2331 -214 -7046
-1536 -1458 8082
9355 9507 197
8611 6348 -1196
-701 -2172 3622
5568 5746 -2657
-6689 5422 4340
-8199 -2395 3810
-5122 3730 -4339
8736 -680 1305
-1478 -1374 9444
3416 -3292 -6535
2924 3258 -1718
-4376 -7938 -2363
3452 2036 -7400
-4450 9379 1899
-9027 71 -2532
-5070 -6119 -2869
8660 -4106 -1067
-2019 7199 163
2959 2996 -1101
9668 2813 3773
2926 -8905 -2810
1340 -4916 6466
200
-6624 -2316 -410
9107 5936 42
-821 9756 -55
-588 -3113 -82
1659 2172 -152
-4790 -7664 -491
8206 -2413 -158
-2628 7713 -199
-5181 -8745 -179
-96 7721 99
3940 9811 439
-3772 1705 167
-4016 -850 -373
-776 -6080 158
-8604 -2731 -78
-9916 -4370 -419
-2328 1972 -208
-4615 -2375 350
-3360 9299 -278
-9287 -6102 -458
-9476 6190 -202
-1419 -1791 90
7732 9336 319
8004 5994 -345
-4727 4769 -121
-2745 -1150 276
5579 -1858 360
-6795 -8007 384
-7496 9567 121
-7246 -8039 113
8944 4259 -174
-6494 3202 -298
-7158 -7979 284
5189 -472 368
-42 -92 372
8808 -1964 -2
-6697 -3752 253
-8352 2133 -167
7567 9754 390
9529 368 246
3788 8046 0
-3010 -3751 297
-4637 -6967 -197
4892 253 -3
-8848 9125 186
-812 -4025 496
5436 -6271 -343
-6079 3414 -40
-9972 -3696 -40
-3252 8050 -473
-5206 -1098 56
1043 8699 197
428 2002 -461
-9319 -5500 -97
6159 -1462 147
-7866 -7465 -349
-7785 1692 -161
5629 -9496 -373
8285 964 -451
6335 5343 -71
-4762 -7100 -323
-9711 6949 471
2292 7988 -133
3144 -9257 295
-8318 8390 329
-9431 3541 -160
2261 4232 326
-883 360 -458
-9919 -3239 -477
5425 -6810 -191
4677 -3633 496
1626 690 -266
-386 -3943 24
358 -1795 -332
-4900 -2614 -188
4994 -7274 -154
-4422 6552 416
2290 -1054 29
9051 6970 147
8593 9631 -420
-8688 8627 357
-1645 9214 386
4412 -9910 12
8969 -390 -21
-3645 2274 -311
-4567 6620 141
8338 7888 487
-2716 -2230 66
-9394 417 356
-9763 -4151 -240
5217 3059 -295
783 4945 18
873 -1542 373
-9517 -5711 137
2757 478 107
-4271 4471 -186
-6382 3459 -400
1388 8025 -62
8157 1233 -426
-9642 -6507 181
3417 699 -230
-1637 5569 339
3173 -1206 122
7462 6431 347
-5708 9390 182
5115 -4943 291
-1426 6157 21
-7049 -8053 -9
537 5021 -269
4030 -4946 240
-8919 5325 -402
3002 3516 16
-8204 -3861 -269
4580 -7662 -96
3970 9021 -282
5379 -5188 362
1536 2685 477
3483 -5824 404
-5143 9759 -293
-89 3499 244
-4764 -6050 -373
5105 -2182 60
-8756 -9951 63
9934 -8195 211
8955 7375 -209
-6232 3589 114
2805 -5082 493
6982 -5178 382
3093 -5970 217
-3407 126 74
543 253 -14
4713 -2186 -426
4762 8377 -321
2919 -2912 275
294 -3268 210
-9765 -9654 -483
-4847 -4309 -363
-3672 -7427 443
-3290 -709 425
6836 7217 -482
-2910 5055 463
4904 8130 358
-367 2661 71
3073 -5211 185
9805 6851 104
6503 -2132 -250
-7805 9006 -15
-8880 -7051 139
-3237 -9774 467
-6019 596 177
9036 -2440 365
3518 -2230 455
-7468 -3658 -289
-2679 2379 -304
-5828 4984 -230
2040 -5766 -73
-2602 72 -217
347 -8937 330
573 -7970 450
7522 -3941 214
-4918 -3076 -453
-796 1232 -65
1898 443 454
-5722 5640 -14
9262 262 -341
9848 -8959 183
-3728 -1676 223
-2665 4154 -378
-635 7457 321
1776 1171 247
8701 -4782 -231
-67 4653 203
6728 3959 407
-1280 5797 306
5334 -8692 -416
6376 991 198
-8948 2715 398
1559 8189 -329
-984 4010 6
6539 3109 -276
8109 3378 -500
-886 5081 -447
9426 -4011 -162
5223 -4853 -433
6532 2231 287
-6125 1281 -378
6590 179 350
1131 5350 -246
-8506 -2143 313
4603 -3919 -319
-2018 2433 220
9415 7487 -319
-4596 -1175 -204
551 6892 222
9134 32 -203
415 8506 -319
-9405 9708 -443
2297 -8038 499
-9846 5776 -17
-7413 1309 477
500
5021 -6618 432
-1140 3563 -234
7685 -789 182
930 -5715 -414
7314 4583 490
5820 4116 -24
5528 7525 392
7490 7525 339
-382 -8640 -364
-9072 337 143
-5690 -3379 82
4225 888 455
-6563 4570 315
-2278 -9992 353
8657 2350 283
-874 -6173 -403
-3349 -7929 -231
-9472 -9090 -351
-8112 -1602 139
-1423 2393 110
5199 8976 390
-3913 6931 52
-9343 -9901 277
7017 -9048 66
-632 2735 141
3195 8184 -202
5266 5805 276
2528 -1046 -72
7278 9593 -192
-328 2555 -303
-5000 -3555 274
8283 -9003 -175
8382 -3873 -88
9334 4693 -79
-1579 -2666 -61
-7043 4985 -341
8762 1761 -146
-2284 1541 472
-6338 1850 352
6217 399 -18
9015 -8827 -346
6364 9851 6
-7509 -1737 290
3537 37 -328
-9129 -1172 359
5856 6987 -220
-6030 8341 90
5511 -2335 -148
-2639 -483 -431
4112 -8649 -417
1638 -3494 -200
1489 -636 167
6104 4154 -468
-3859 3679 375
4969 2538 -88
1956 6170 136
-3351 -7240 344
4314 -5535 314
-9817 3886 -174
-8465 -3031 -461
-5607 2621 -348
109 7289 290
-5736 4673 131
4295 4548 235
-3167 -5687 377
9355 4949 -302
8468 7793 -345
-7067 -9040 -344
3171 -6714 323
-9860 -4323 -142
2761 -7819 -255
50 323 490
-8925 -46 -400
5624 -7958 -136
6289 -6081 159
1238 3469 344
-4617 4976 51
-3657 -6867 -481
-4019 -8044 -196
-1989 3666 -25
192 -3088 467
6868 -9098 229
-6826 -4998 -369
-4784 -282 -293
-4513 2377 -317
8957 4573 -28
3933 6125 -438
3418 2496 297
1726 -1847 -359
-4607 6980 -26
2305 -4052 -15
-441 -5971 -470
4562 2160 398
-5720 7719 -76
3010 8902 141
-2417 2726 -20
-6292 4140 289
2557 -9062 223
-9290 431 -7
7690 -4095 -280
-6362 -609 113
-2333 9421 -230
6180 -7329 329
3899 -905 243
-846 7088 -476
8232 569 -114
2373 5710 469
-337 8433 -470
-9906 -2721 87
-7649 1499 149
1742 7464 -161
-2485 2086 -170
186 9915 -151
5634 5011 381
2722 4387 -367
9643 -3227 -213
5354 -3258 19
139 -6876 -256
7418 2063 -241
-4731 -8288 -147
-7267 -4596 205
4819 2734 299
1087 -9565 -185
-7550 -9331 353
6837 4802 -13
-6390 8089 62
-3296 5960 -295
-171 -7443 411
-8108 8816 -97
-6395 1522 321
-4639 -3421 -57
4447 3378 28
4882 -5955 200
5551 -5101 287
353 -8614 89
-5206 -3052 -74
7107 -1494 -464
9664 -4583 -408
8480 -1180 421
-3646 -4006 -334
2933 -1563 -377
-3688 -3683 -16
-3291 9017 431
1608 9156 -335
2995 -8255 -431
6295 -8829 -78
-5199 -9441 69
-3429 -3348 176
1743 8925 -160
4089 3091 -328
8878 -6434 27
-4804 -6950 312
-5787 3333 -376
-6630 8499 -314
-4885 5568 294
-7361 9342 -359
-6802 -5737 -63
-3798 -61 90
-4872 1631 13
4571 1804 -243
8138 4683 -154
7540 495 -275
-2774 -1028 -79
-4275 4158 134
7645 952 -144
3339 3446 -28
7603 5883 -389
-2458 5825 161
9174 -7661 -284
-2670 -9404 -156
-7987 -706 -233
-1140 -9481 257
7832 3292 150
1990 279 376
9295 635 453
2741 6107 98
-5024 -9430 437
-9199 -5416 40
9492 4800 -417
6440 -3504 109
-4265 2763 439
-7394 -127 -196
2251 -5477 -336
-7470 -7249 -151
3165 -3296 -161
-4375 -1698 486
-7453 9591 -421
-2869 -1516 -93
-8069 -5081 61
-1573 -9472 -447
7543 9819 -6
-6232 -8877 81
-5357 -2361 -313
-2606 1988 -62
4098 -5320 -180
8752 3018 -14
4695 4098 -37
-6821 6505 -490
-1902 6066 -358
-5022 1472 -75
-5203 -3034 353
-7728 -5453 248
-88 -8914 16
-8100 -123 -341
-7068 -8803 53
5951 -7965 -497
49 -1502 -393
-7094 3861 -346
5325 3 -166
-3203 -5572 284
115 -6367 263
1014 -9619 60
2100 -9103 -315
8329 -7592 -403
5879 1313 -151
7914 4316 134
-7235 -1225 85
6626 7930 486
-3371 -3384 392
-2591 9752 69
-2605 -8485 -134
-2224 -5572 333
-4974 -387 347
-6214 -8938 -200
5100 763 129
-584 -6603 8
4544 1982 275
-1174 -6680 40
1794 7565 18
1546 -2866 -1
3062 9853 408
3842 -7314 -197
9807 6534 -68
-9131 8834 310
-2016 5815 96
1382 2324 196
9716 9451 -35
-6963 -657 -139
-9398 5861 -313
-5912 -4640 481
-6059 8620 379
-3372 -7076 -207
-6838 -2292 -365
-8004 3870 442
7811 -2534 -337
-3513 2515 0
-7710 -6668 -266
1633 -1307 450
-2506 -7120 -161
2854 -4787 -207
1475 5444 -118
751 8738 -177
4811 5873 451
-1319 -832 -35
2499 9683 313
-4986 4535 477
-1654 -9231 -36
3391 -6928 -393
2623 -1589 240
7836 -2943 87
3281 3439 293
-1629 -9886 120
-9404 3418 -129
-236 -117 34
-4200 -5303 67
-9665 3674 -433
7457 -4510 -67
-9471 5949 -368
-4708 -8310 23
2349 -2371 -353
-7860 -3578 -165
-7745 3043 468
2025 -3234 -161
8260 1653 436
-7043 -4780 -448
2983 1287 -296
4826 8721 40
-2873 -2795 497
-4831 2728 378
2798 -2773 -330
9221 9563 20
-1384 7883 160
5382 -1777 -233
-2965 5511 -208
-1392 2563 53
9895 1768 362
4968 -2340 -302
-7827 -8991 -124
1254 4887 3
8481 4057 173
4396 -8071 323
2280 1942 -456
6855 -5791 -488
2366 -5146 247
-8719 -6241 -366
-599 -8027 242
3413 3171 138
4422 1899 458
-4339 7755 -16
6071 -1220 -410
8000 2603 423
-58 2000 -180
504 -9988 452
5358 9759 307
9117 -7106 25
-8910 4636 -342
614 -7374 60
8865 -8063 473
6620 -6579 248
-4600 -1137 -91
8004 2786 332
-3644 -2542 333
-3632 4410 -373
-3872 4569 131
-4626 -6554 -159
-9990 3605 -42
8989 3165 401
-9074 -7510 367
-9301 -3762 232
-438 2000 205
-7652 3832 -43
-193 17 -39
-9431 2497 -331
5139 -872 38
8585 7470 -482
-1458 -8720 -108
-8293 -7467 254
-9450 4400 243
-3212 -8515 -479
5140 -4810 220
-4675 647 134
1694 461 483
-5809 6630 -358
3320 -4480 -437
-2858 -9462 54
-1578 -9070 -8
-2692 7685 -466
-8292 -220 -406
9545 -7198 144
-8913 6522 284
1735 6157 425
8548 4492 102
1530 8986 -204
7051 -5951 340
7589 6956 12
4872 -1552 154
2557 -1518 -72
-7663 -3424 -412
-4861 -4780 297
8014 -2995 194
523 -9718 282
-4985 5236 369
-9647 -8116 -83
-9246 2724 -201
7710 3236 -150
-3842 7242 -208
4641 -3977 -336
7569 -7889 221
-7210 6260 -90
-3853 -45 402
-7219 -8911 416
8017 -6042 -61
9901 -4625 306
-1022 4674 11
8566 7377 -235
2161 7669 476
4536 2833 -366
2999 6906 -373
-740 -6684 197
5567 -2430 339
3008 3486 486
6966 -3723 267
8693 -9565 -364
-281 4946 -463
-2904 212 -133
-8883 9540 434
3950 8674 -405
-2792 -1198 131
525 2851 130
4447 9690 -258
-2066 2676 -339
563 -5205 -331
-2649 4931 -365
-7703 -8680 -320
-1139 6688 400
-1599 -3026 496
-6572 3069 -386
-1418 52 -84
-8567 -6318 125
-8877 9277 2
151 -3210 449
4946 960 -265
-3771 -1553 299
-2451 -5372 2
-9411 528 299
-2437 9876 -487
6984 3990 266
-2964 4759 -306
-2929 -3616 276
-7300 -8762 -291
-510 539 184
-9550 -2225 335
-4750 1926 281
-122 -6572 -138
6758 3579 -236
6634 -1056 353
-3023 2711 269
-8264 6257 -395
-5528 2034 -358
-4290 -4405 65
6249 6632 -235
-9624 -8533 -393
2302 7601 58
2082 9963 -340
-7986 -3773 -462
958 -567 296
-6331 6554 -70
9927 -9341 -93
-1687 1801 -5
260 -7282 467
-3108 6335 -471
-5288 9443 131
-7687 9353 -493
8628 -5487 162
-5144 9551 -404
641 -2301 -390
-2805 2481 -431
-2146 -2111 -410
6008 7736 -131
8726 5704 182
1414 5733 -205
857 -1636 -313
210 7724 -249
4723 5738 64
626 -4166 -307
8325 7945 -99
806 7366 -106
5047 -9544 89
2784 9826 295
-5160 -6140 303
-9427 8155 382
-4710 5695 148
9366 7946 5
5104 8863 -433
7290 8408 290
5235 9161 268
2601 555 -407
-590 -856 -249
-4412 -1709 151
-552 -6553 -65
-6044 3681 -225
9651 5329 -300
3949 -2166 342
-836 -3099 60
-2428 7043 164
-3267 7811 455
3640 3256 42
9136 5859 -4
-2572 3510 -242
875 -9703 346
-5444 1924 -206
9885 -5875 -250
-5929 4319 -247
-2676 -6120 55
-5633 -5104 219
8530 -6797 144
1786 6746 229
-2355 5594 -130
7508 -6148 358
7805 7698 -214
-270 7344 13
207 -9053 -79
-9122 -5800 158
-5242 4107 229
-3993 3179 -447
-790 6175 272
-7692 -4096 -198
7902 -4374 -60
8106 -5515 -414
5804 -2877 446
-499 -9363 251
448 1410 333
1000 -7931 -108
-4892 3150 -229
8287 1556 -119
4462 4328 -112
6718 1983 451
-7655 -8577 -241
-6818 4861 14
-3343 -4193 472
-2706 911 -371
5057 -4256 130
7126 -2863 -422
-3372 -4240 -422
8184 -859 -314
-1135 4882 325
-9152 -167 139
8623 -6556 -142
3485 1310 -445
5644 7283 89
1000
-10000 -10000 5
10000 10000 5
-3445 5412 -254
2300 -6958 393
5789 -8880 450
-8451 -3450 -72
-2958 -9263 -444
-8076 -4086 -259
-1891 -4446 -42
1554 8264 158
9216 3319 -219
6499 -5740 -382
-1737 -4494 263
1305 399 -182
-1223 -3299 470
5328 -9871 -389
2417 -9814 -488
4683 4779 -445
-9763 4589 479
4853 5247 -411
-5476 880 495
-1216 9999 -289
643 -8886 211
-8958 -1216 -174
-5904 -4893 132
-5775 7218 261
-9237 -2769 -59
1894 -5714 -290
-7165 9617 394
8082 -6942 -17
-4685 8053 -163
-4686 -1383 -287
-7220 5680 498
1564 1006 141
3023 7638 -465
242 -4248 -369
3825 -4455 209
4463 7756 324
4080 -8998 -429
3491 -5515 406
1544 9174 489
-9839 8388 156
5841 -7262 470
-3152 -8621 -398
-9162 3766 -482
-7058 250 -458
-1512 959 -216
-7404 -4865 -39
-6402 1206 424
-5565 -9887 -144
9962 -6546 347
4702 2110 244
7440 -7568 -243
5171 1886 -49
-4711 2904 -201
5539 -3054 -11
-7150 -2418 284
-2014 -7957 -228
9192 -2681 368
5657 -3324 318
5463 5875 -247
-6075 6619 -285
-7291 3877 -231
4595 9680 209
-2500 2331 -268
4446 -4180 22
-7971 4956 -87
-9576 6228 -236
-2256 6448 -250
772 6618 294
-3353 -5128 304
9619 -561 -233
-152 -1291 -307
-472 -8230 -246
-8141 -3645 350
-5969 6229 -150
8988 -8358 -352
1568 -94 -323
-5631 -7492 454
-9013 4303 198
-7789 8107 -30
-1997 3726 -31
3064 3271 -60
1186 5526 -212
7541 2376 316
122 3078 -473
1765 -1774 -441
8023 -4596 -101
-9468 9358 467
1187 7408 188
-706 -3770 176
9372 8051 -261
2644 -508 -258
-5478 780 -194
6898 7949 -7
-24 -6672 -114
8202 6387 9
9958 -8862 126
5668 7458 149
-572 8146 -319
5658 6174 220
62 6414 -486
9554 -5344 239
334 -7685 235
-5365 1160 -243
-2036 7546 7
-9297 4055 -17
-8158 5033 -463
9300 7683 -152
7446 7216 -132
3621 -2063 -351
-3613 -5697 -341
1043 -9958 -279
-290 -5223 275
-9130 386 -38
8417 2893 -403
-1176 -8272 -439
-6142 -1234 -383
7893 -1534 459
5109 -9814 -241
-6954 -8665 -443
-6298 4495 -470
-9904 7716 -83
-5126 -9508 313
5260 -3694 23
-5494 -9597 -106
-3766 8817 -337
1352 7934 -161
9818 8893 49
-9995 5504 -58
7692 -4087 404
2187 -56 -198
-3744 -9639 -496
-3252 4526 -399
3054 -7950 -173
-191 -3204 439
-1374 -3689 -55
-7088 1002 180
8157 9552 -468
3661 -7654 -297
5927 -9750 60
-4129 7553 -248
-7416 8557 -60
7111 6010 -452
5513 8337 -352
8661 2277 54
-8676 -2926 -137
2326 1754 -158
1878 -5861 -246
4225 6342 264
827 -5098 277
-1620 1154 204
-6710 -4054 75
9300 -3006 -340
3990 1142 123
-7381 -5304 -12
-307 -5588 -351
-8552 2754 325
-4413 -9640 -349
-8071 -3876 -118
-6817 -8098 459
4337 3606 286
6636 -2466 -333
-6370 -5954 309
1125 7669 -391
2173 -6843 -49
6585 -6342 -430
-661 -4517 264
-3948 5986 64
2176 8368 3
430 1327 -68
-5963 1466 467
1571 -6367 -196
5617 1794 -208
-362 9255 -225
-853 -9293 -100
-843 -5223 73
992 4893 -341
-3022 -3543 350
-4653 9960 402
3026 1744 -69
-5508 -3289 361
-5523 2368 398
6271 4660 321
1879 3287 290
2586 -3313 280
7363 -1387 -221
-1391 -2876 -64
5066 4974 -72
5027 -4771 259
-3229 -2340 -42
-165 6873 -16
-7797 124 -171
3215 4945 -342
-3497 -1912 282
-458 868 161
8155 5500 -253
-8369 2936 462
2958 7717 71
8187 -524 138
-7801 -7066 -483
9072 -4230 -360
-804 -549 -173
-9506 7610 382
-1418 8392 -402
5802 1053 453
-2346 2652 347
-9409 1614 -145
4660 5538 486
-9512 4528 444
-6578 -1455 -17
-4456 -7963 -466
4996 -4635 -393
2606 -2753 155
-2650 8697 -351
8403 3002 -417
1055 6850 -262
9021 5205 392
911 5191 335
-4561 -5512 -5
336 -1677 483
-1274 4358 257
4091 9465 -198
7690 120 150
6388 7622 108
-610 57 458
-3760 8295 -139
7797 540 268
-659 -6625 -359
3829 -2777 -447
-7848 1558 344
6510 9316 33
2327 -1030 -241
8800 -28 -150
2774 -6420 -460
-7169 -5462 280
7479 -6101 -329
-1981 -2981 263
-2254 -4488 61
4969 4917 -246
-3472 -238 -417
-7804 1295 87
1166 -8446 -50
-8862 -7744 -371
-5282 -5704 429
-4392 5429 -445
-493 9600 387
2878 -7285 218
8390 -6372 237
3308 3882 335
9422 4317 305
-2931 3257 185
-1377 -1293 381
879 2836 -101
1527 2118 389
-3044 -5827 107
-7092 5412 -285
-8024 -5870 -426
-8044 7219 -196
5839 8055 -454
-3492 212 206
9765 -1103 -372
-1528 -3870 -303
7661 4529 -328
-3869 -9582 -97
-3344 -2623 -217
-7931 9944 91
-7449 8370 352
6123 -3974 328
530 2072 284
7094 -2221 475
-4009 9259 -16
-1527 7809 -251
-6998 -5019 -426
9772 5737 235
-6499 8020 366
-6555 -6389 374
8167 -5185 443
-5807 1643 347
2617 6780 -178
-9604 4107 -296
6008 -8409 -202
3817 -4807 -211
5150 7267 262
887 -6646 -384
-4741 5572 -260
-4777 4446 241
38 1742 38
-8318 1589 205
4814 -9737 -250
-1079 9467 367
-3135 5765 116
2058 4406 124
-675 -8480 -59
2679 -2012 91
-1749 4228 331
-7303 -6031 -410
791 -141 -187
8732 3916 -148
8995 -7834 -114
4814 9385 -300
579 7001 -27
-8663 -3023 -162
-7143 4418 -104
845 3362 -427
-8575 -6807 -396
-8254 4635 207
1605 4949 -95
-8127 -8347 48
-5961 39 -219
9777 -409 -224
3130 8064 -409
-9892 -245 -478
4526 7151 -140
-5760 -3423 69
-2567 -1319 -85
-7931 5389 -308
3370 -8854 439
5023 7694 396
-8586 2975 270
1005 -6396 -339
-4579 2695 438
5176 -4931 -431
-1320 -7571 -323
5257 8999 -445
-6062 -7234 -204
5679 -2042 -419
6825 1249 2
872 -3854 -276
-6153 -7084 -253
-2549 -9923 161
6498 7016 -482
-8432 -6563 -60
-9651 -34 116
9348 1021 -204
8466 2669 405
-7223 -8249 -304
4026 -4395 375
-9828 -7170 -447
-6912 1429 425
9518 -8557 272
2886 -7539 76
6323 -1099 -74
-3711 -3130 494
3662 3518 196
-3668 5424 -104
-5565 7620 363
-3608 1847 140
-778 -7100 -482
7004 -5175 43
8447 -3050 483
-9092 2878 1
-3838 5304 -113
3032 5651 -438
-7098 6347 -149
8326 2743 -134
2298 -6042 -450
-9502 7950 337
-6602 -4031 -271
-5424 512 304
-2122 847 308
7108 4349 -245
-1236 736 -337
-5585 6151 177
7114 -2146 209
-3790 3220 112
168 -8730 -210
-5529 107 441
440 -8311 -61
7304 -7507 -311
-1849 6653 -383
8852 2908 -153
-4059 -3577 -45
-7908 -3899 72
-54 5162 -161
9519 -2874 -46
-9211 3769 -484
-2751 2710 -316
-4710 -1499 155
-2217 -5958 -53
-9212 -9488 -397
3696 -8789 107
6471 9019 311
8924 -4409 252
4087 2930 -304
7565 3736 -357
1334 -9248 162
-9604 4289 303
-1103 2296 -96
-708 7096 194
-3844 9199 329
-2633 -7842 117
-3614 -9678 165
1977 -1926 -363
-5092 4271 -439
4996 -3234 0
5749 8780 -434
38 -2065 -100
-7666 -5660 297
9430 -7614 -454
4982 -1784 190
3492 1185 346
3814 -2149 -286
8241 7340 452
-1136 -4247 430
5630 -1746 -310
762 -5328 -314
8697 6072 -213
9389 -5779 -175
-8224 7620 160
-8 -9690 -58
7529 -4491 -76
-4620 8075 -231
-7280 7027 -417
-1526 -5691 -176
3080 6499 -312
7752 -9962 -330
176 9325 432
4398 -1349 482
-1630 6663 -129
-4968 -9543 -353
541 9234 -9
-1384 1503 -479
-8004 3938 253
-3695 8263 326
9157 -2197 152
9195 -674 232
8520 -4742 336
-6477 2592 -488
6538 -7036 262
3348 1463 -368
2582 -3693 -335
-9563 -7672 -442
4375 6433 -473
-1010 3259 -477
3146 4911 -172
-7528 -4005 -15
-5918 4831 -468
6675 196 405
9639 9958 -72
-2546 4443 -181
3761 3960 167
2441 -9630 101
-1125 5397 -462
8486 2420 -87
3398 2101 256
5745 938 402
-3071 -4677 -126
7125 8228 -44
3435 1008 -369
-5770 6679 -378
8190 9346 77
4913 947 190
310 9337 -368
9083 -4249 -493
-2464 7507 -7
4826 -7591 -257
-9851 -3865 489
8377 7591 418
-4262 -4277 -105
-7583 -3803 330
8116 7774 -87
-4585 9465 455
-5247 -51 368
-3144 2956 -321
-9285 801 114
9476 8397 -350
-4389 -8262 476
-6798 2008 -374
-4723 9403 355
1475 6585 93
-4399 7998 -489
-8582 306 -373
1367 -8826 42
-5677 -7647 147
1477 8967 3
-3774 9469 -282
-2036 8446 194
9972 3924 -195
5727 -2221 360
-1336 -6275 -363
-6985 -4264 464
3321 -7785 66
4495 -5891 484
3201 757 -148
-1480 -5740 -473
-2010 4831 356
-7212 -1475 -418
6712 -5817 -454
-5509 -6957 -130
-1784 -6468 -51
304 5497 -34
-1129 3063 -19
2981 -1601 -346
-9910 8751 -499
-9298 -3869 -298
5533 -5013 -425
-9589 70 -435
-9054 9468 -295
-6011 -4809 417
-6127 -7008 260
9370 -542 -171
-1215 5291 133
3537 797 357
2288 -9201 -310
4771 -9647 -220
9759 -1572 -166
-3819 -9155 -280
-7999 6050 483
-2808 -5681 429
-3463 7080 -230
2347 4409 -357
-2361 8394 366
4788 -2397 -497
5587 -207 40
5941 -1575 -319
-9279 -5888 452
-8433 5332 -437
3969 -6685 -256
8289 2244 -254
1721 -8486 290
-3870 1009 -173
-9124 9875 175
-1520 231 166
4625 7771 -46
9403 304 -458
-6485 -8743 -165
8847 -5328 -444
8514 7917 475
758 3163 445
-1376 1953 86
9633 7281 -193
5861 1308 289
-3908 2974 -483
-9785 -572 349
-3128 7822 -25
-5519 -7843 -270
-847 -6434 245
-2930 -3459 92
6585 9838 -42
-1461 1424 -284
-7828 1083 -308
-168 6872 -323
-7194 6242 -462
-1414 -5909 -18
-3591 -7082 -450
-5082 -8852 422
-1516 9245 255
1378 6189 408
1216 1647 479
8993 4215 64
76 -4593 -45
-6699 2585 479
5895 1975 311
9986 3810 469
9257 2212 56
6757 7486 -183
6003 -2759 -265
2192 -3851 -428
-6160 -1520 -50
8055 -2603 -482
9815 1204 -489
2400 7184 -60
-9273 -653 -407
4537 -5683 488
-6899 -2127 474
-9413 4190 83
-2172 -8223 -159
330 4201 196
8810 8003 388
-7441 3022 -420
3764 -6615 -364
-2700 -9823 -197
6647 -9730 -445
-9036 6258 282
-1163 -1415 172
9379 -9832 273
7509 -5139 -139
1710 -4443 -311
-3934 8446 19
9088 -2122 182
8825 5366 -259
9003 -7331 -143
5625 8724 157
1884 5507 -195
-9531 9531 -231
6989 304 -41
-8149 -8335 -310
-2592 7207 -449
-7794 -6922 262
85 -2240 328
-4549 1354 -232
-1879 -1289 -55
-3155 3369 300
8704 1026 -74
8235 3295 162
-1460 7106 -369
-3443 6649 -380
-9884 3700 -177
-6805 8814 232
-2693 3642 -210
5013 -9738 -125
-9923 -7940 -321
3446 -7140 -200
-9176 5638 -3
471 -9700 54
-2422 -4569 289
-9421 -6096 181
4279 -5773 91
3094 -1689 207
-6912 4602 -246
9703 -2671 414
-8237 -4492 -221
-9025 -1840 -144
6614 4010 -346
6914 8564 478
8698 -8647 -50
8954 -4613 -120
9533 5978 459
-2155 -6963 -262
8799 -356 184
-3872 -6442 273
-2011 -1163 328
6149 546 91
159 -4300 418
-1277 -8321 32
-3571 -1871 299
1816 8509 -3
-5854 -4180 303
-2817 1058 -164
6827 -7905 33
6737 6220 -168
-8073 48 313
2473 -8009 302
4525 4909 -197
6204 -5558 -37
-9315 -6407 38
5546 -8558 -181
-8634 8245 -13
-1223 4581 133
872 5115 -331
-2908 799 -152
7140 2612 -62
9131 -7586 -135
392 -8930 -310
1186 3533 215
4779 -2577 -228
6221 -5905 457
818 2582 4
-8248 -8432 -278
3219 4089 499
-5982 9789 371
2983 -7773 -185
1749 -7056 -45
2819 6134 438
-7296 -9798 183
128 -9526 369
4223 7783 149
-6843 639 -278
-5275 -5138 -107
5166 -5787 -355
4956 4437 -136
7183 1752 234
6480 -7440 217
-1034 -1150 -33
-832 -4467 -214
-4006 3403 491
-6222 2404 -29
4417 -6022 -454
9279 -3629 55
-6507 -3132 133
4282 -9416 299
-3966 8319 255
-1406 -4612 -209
3797 -5793 271
9330 9494 -411
-915 3837 -242
-8511 4660 104
-8180 -3942 -118
-1809 -9387 300
1412 6246 -69
1996 -2954 -224
-3333 -847 58
2056 -1556 445
6263 -9433 391
2109 8009 188
-7702 -5381 -481
6958 7223 -44
-6984 3606 -202
9982 -9242 -382
6228 -6459 161
9626 -182 -427
-1220 -3272 -430
3576 -327 237
496 7565 -355
-1495 9253 -91
3124 6624 370
347 9433 -331
-9695 -6269 -373
-8937 -151 -4
-9043 -9490 -22
775 8936 -442
7503 -642 185
-6471 -3553 -35
-8906 5593 -459
6699 7354 37
-324 1224 -106
-891 -6255 18
-808 3225 -282
9041 -4279 23
5903 4551 439
1191 9609 396
-9451 -5706 -477
-3003 4111 378
-7410 -8847 259
6296 5042 353
-6128 3789 405
-2382 -693 433
-9157 -2123 -106
-7084 -3247 86
7467 -3308 479
3428 -6060 382
7723 -1685 -426
1834 -3455 475
-661 -1695 472
-9266 -2490 414
4523 -6585 -290
-9818 -8300 -65
-1940 -906 -447
4813 -7968 396
7857 4011 312
8149 -8106 131
-7184 7320 -441
-639 3295 -366
7666 2620 -179
-4823 886 -488
-5056 -4551 246
-3355 -6116 121
2091 -63 -344
4124 3185 -284
-5513 9349 -119
-3619 -7020 90
-9947 6391 -409
-299 -2474 407
8673 -3153 -232
-441 -1789 -213
5008 310 -36
5244 -3069 260
-8467 -9913 257
4718 7655 349
4067 -3612 -175
3399 2978 312
-209 4069 46
3669 4328 451
6868 -2403 -496
-4921 4884 177
5389 -6300 89
8673 7460 449
5112 4218 -306
-880 9419 227
5508 5096 -54
-5161 5260 365
5260 -8194 117
-411 -8890 -92
3538 114 -71
-5226 7792 -203
-1526 1381 228
-7714 6330 -382
2856 2876 -357
-1373 4604 -245
-9925 -2598 227
5336 619 -264
3494 -2764 -73
4604 3644 187
-5281 73 -224
8863 9722 -334
-3404 4451 440
9278 -9079 266
2155 -3936 -95
-6889 -7329 -239
513 -1601 -259
-8868 -4013 -184
-5279 -1586 -496
8365 -3899 -1
-5209 -270 -45
-9135 -3104 26
5316 -1163 -111
2589 5603 -163
5005 -8992 116
7677 5622 -377
-7572 5215 86
-1585 4883 -49
6829 -112 83
9282 4739 156
-988 4194 -478
5909 4721 -335
-5254 462 -118
6701 2800 -449
4062 768 140
-3964 7243 146
7603 -3171 175
2486 -6720 -397
8726 7215 18
3465 5872 199
-2340 -754 481
-7619 -6237 494
2843 9145 -245
-8005 -3804 -147
2763 -7811 -446
-3642 6835 -32
3187 -4490 356
6467 2965 -41
3683 2483 446
-4093 -8466 172
5153 3515 -362
8916 4509 -350
8061 -2236 383
-9390 8469 -422
-7201 -476 -426
9634 -2656 -311
-8504 1201 48
4461 2660 235
-6704 -7042 55
-5170 5631 90
4697 8121 -3
-4441 -5377 150
-325 3506 418
-1855 1584 -169
7669 -1990 441
-8635 7200 240
2566 -900 226
-4773 7835 74
-5463 5742 -113
-9832 -2668 183
4641 -5171 365
9264 3831 63
2770 -8251 -378
-9293 -5919 -351
-1283 -2978 -206
-4083 -885 -185
5017 -2807 181
-795 -3232 -253
-5053 7155 326
-1368 -2809 -136
3461 -7944 384
-6355 -2029 378
-4606 9445 -358
-4173 -9405 -235
-798 -111 472
8317 3205 189
-4490 7886 459
-1370 1485 -172
-4214 -3336 385
2977 -3620 -315
1385 -3736 317
5709 7142 130
5154 -6363 -225
2101 -7098 -478
-8009 9226 349
1548 -5733 -449
-4214 5226 220
7271 3907 83
-9713 -8208 -287
-3333 -2671 -149
2932 -4854 180
-3574 2777 -434
63 -9596 -373
-683 3426 -219
-1457 -1372 235
2811 3031 -422
-5611 2104 126
8296 6687 -88
6441 -3748 -465
-6230 -8396 175
-1083 -3716 -158
8046 8702 -226
8450 -3171 -447
-1771 -3537 -384
6857 8198 286
-112 -1724 -171
-8008 -3746 -360
5031 18 30
-8716 -2595 -322
9240 -4920 119
-8124 -577 242
6931 -6951 159
-6240 -6898 -443
-3425 -429 359
-5227 -4643 -412
-599 -3962 445
5655 9531 -314
-4327 7413 30
3079 3591 62
8159 -7437 -302
-2418 5305 290
-3016 3316 166
86 -627 97
6009 6584 210
7718 5673 -215
-6243 -2030 -89
-6712 -3492 312
-9299 -2961 -32
644 8953 -7
-441 2151 424
-5136 7293 -416
4532 -2041 -482
-9743 1909 -498
6842 9619 -59
2515 256 302
6837 -4333 21
-6654 -3168 130
385 -6348 418
-4310 -3855 471
7841 8070 467
1486 -5494 27
9445 4876 243
-2294 5879 -224
-6323 9672 385
286 9474 227
5953 3347 94
9137 977 -68
-7211 -1753 -370
-4713 -7430 15
9709 -2462 -295
-5785 8417 -102
9091 512 384
1322 7140 181
-2654 -5974 240
-3179 -5895 -83
-9832 6700 -445
-2502 -7516 -491
5745 1614 -2
8316 -2519 -212
-7794 -962 427
6975 -5212 136
-2513 2024 -297
-5372 5057 146
-1346 -4203 469
-889 6567 167
-4189 7622 -12
-5353 983 -491
2613 -6518 7
-9906 5122 104
-4516 -1599 420
272 -4963 -22
-7704 8592 -47
7354 1238 441
-6849 1559 421
6070 9227 427
3693 67 -462
-8972 7428 -298
-5490 5935 349
5984 -7108 315
-5615 -1836 409
-4226 5643 246
-5634 6448 -482
1957 -5259 -185
9868 7662 -479
9095 1941 24
-4485 8980 95
-7057 -1818 140
5231 8383 168
8123 -8802 31
-7361 -9540 367
8282 -4794 -247
4731 -9776 -473
5824 3891 246
3487 -8736 203
-4572 1789 423
-9240 4736 -129
-1058 1376 386
-6322 -4604 -319
-5124 -9721 264
-4664 1147 -261
-3106 -7248 379
-2881 -9869 -339
7362 -8123 -256
8627 1932 -431
-3232 -8144 408
-8496 -2773 188
-768 4465 -51
980 -5354 243
1260 -3589 273
8759 -7350 150
-8489 -8471 -162
7994 5043 -267
6224 9639 204
-1844 -9940 -82
-3636 3968 -103
-57 -3991 -335
-9240 -7542 169
-8241 -9447 401
-5478 -7673 -266
-6476 -4671 346
-4946 19 105
6449 -8396 -32
2440 6660 -38
2501 -921 186
-3531 6476 -305
-1170 642 411
100
283 -106 34
-303 411 30
-223 268 -17
128 -23 5
452 13 -14
217 135 42
-484 106 -36
304 -363 -26
-371 -100 -35
-282 498 -40
112 339 1
24 137 -21
-208 472 -1
269 26 27
-217 391 -10
419 307 -15
25 449 -43
163 -308 -42
-436 -152 39
-437 -43 -48
402 470 -26
39 -234 35
12 260 -13
-461 31 17
430 431 -6
238 -216 22
187 -146 14
380 -60 -34
-272 -170 33
186 -150 40
157 88 46
423 -61 36
184 314 -10
-285 -18 42
-353 420 45
-69 141 38
286 -219 12
-274 -53 -19
56 -224 -32
406 -331 -8
-5 -374 -40
435 484 26
249 -117 19
-268 -206 -13
-348 -256 9
293 -375 23
-426 245 -34
21 -448 45
297 -260 -33
467 156 23
-407 259 14
-422 20 -37
-39 -296 -43
255 73 32
499 -343 -45
-375 389 -30
370 -446 50
423 -496 -43
-337 -320 9
319 413 -11
79 52 -14
-401 187 -5
-196 257 3
377 76 50
-465 128 25
425 333 25
479 331 38
483 403 25
-337 -3 17
-424 388 33
129 -252 15
-184 200 -27
-426 -269 -17
151 -277 13
-220 471 1
-387 219 5
444 92 -3
347 -164 -5
-156 -497 -7
-267 333 10
-19 -18 18
-318 212 -20
-87 -460 12
137 173 20
109 -316 -15
-172 230 13
420 -298 24
-243 153 19
-240 -413 3
-407 186 38
76 -139 -39
-212 166 9
-171 -212 28
-497 484 -31
-312 -169 33
418 458 -6
-379 199 27
274 -117 19
361 416 45
48 293 -30
100
409 404 -20
76 -2 38
364 -227 -34
348 -37 -1
-320 -209 0
-361 227 19
338 -8 10
-279 -322 23
-362 -379 0
431 -176 -14
336 122 41
-166 -4 32
108 158 -11
-428 -349 -24
-137 147 -40
-409 -169 -21
83 434 -7
261 158 -24
383 -343 -1
-293 17 13
329 -74 6
-174 -256 -11
484 138 23
-364 397 -16
283 -495 -9
-386 -207 28
-451 221 37
207 486 -5
365 -27 -29
-118 -401 -41
309 157 -20
-447 -449 -37
192 280 -4
89 -381 -6
95 29 8
388 -196 -14
109 -331 -2
96 118 3
-430 329 -27
-331 423 -41
326 -275 -2
378 -143 -21
159 314 -16
278 -243 -47
-192 336 13
112 -302 -28
282 174 -39
-99 -300 22
-270 -66 -19
-346 32 -12
-120 -486 6
237 -195 -12
52 149 -24
309 185 42
145 -189 20
343 32 -50
18 142 12
218 -138 -10
-348 177 30
185 -437 -47
200 118 -32
-495 -499 7
155 -239 -20
-159 -319 36
153 379 17
-314 385 -19
328 3 -35
-309 404 18
368 206 -11
432 238 5
51 426 -27
52 -6 44
314 299 44
495 157 10
374 -176 44
259 137 9
-238 294 28
-334 -30 11
373 365 30
111 -88 17
38 145 10
-468 79 -36
332 18 20
-11 -388 2
314 -452 1
-48 137 -12
-253 -87 -36
217 -483 -9
82 312 7
495 -23 -5
140 -426 -45
-281 -278 10
237 423 13
350 -62 -4
399 448 46
36 -167 27
449 -23 -28
467 384 -3
280 -42 -32
-243 404 27
100
-169 463 26
54 60 -10
-23 -309 12
416 153 -14
365 106 -29
-301 -127 -39
176 92 15
60 -442 10
-482 -258 6
423 -491 -16
387 270 10
-53 -327 44
139 295 -1
-208 -345 47
399 -134 39
-228 -25 25
365 -378 45
424 218 12
-333 -218 -32
-324 126 -30
446 -273 -38
-381 -340 -49
415 148 -4
-430 114 -40
-64 -4 -11
412 -256 -21
-466 -310 7
253 313 -7
-465 497 -15
161 -300 2
389 -173 20
-450 -159 15
198 303 27
-188 404 18
309 -203 26
-447 91 -31
-256 -343 -40
-442 89 -37
-444 445 39
-244 -31 43
84 -332 9
426 315 -2
229 82 3
133 -236 -28
431 -484 4
22 -295 -15
179 -193 -10
-231 -57 15
-286 -168 21
183 -242 26
352 345 -49
167 -179 10
-250 348 3
14 -427 -25
31 111 39
236 458 32
-457 -141 -16
-13 -495 -48
320 208 -21
-422 -33 1
423 -17 -31
-256 -416 -46
-408 111 21
-334 367 47
277 257 -2
236 78 -50
-404 422 25
-399 446 29
309 -261 -23
-223 246 -41
260 437 -33
345 481 -41
-44 192 -16
-177 154 -7
-419 -371 10
159 -364 -12
82 380 -39
28 168 -29
268 443 -19
14 -462 -38
-48 -289 -10
-67 -192 -34
-374 149 -50
280 -416 -4
410 184 29
-453 -438 37
427 -323 3
96 -113 -39
39 200 14
77 322 -9
289 -279 43
-403 -119 -13
247 -113 31
331 349 44
16 135 22
78 2 13
255 -471 17
-357 -361 10
344 277 -31
166 -316 24
100
388 -395 -19
-230 -21 -40
157 -213 -30
6 -279 45
-358 436 28
144 61 -21
173 -268 38
312 332 13
90 -472 28
274 263 12
380 -424 -22
-141 -322 -33
147 -122 -6
369 -175 -40
305 -396 11
-134 -102 25
99 -228 -11
-68 401 -44
-40 174 39
-276 -208 -3
-199 76 -26
-20 249 -38
358 -308 -1
-316 -207 -37
-212 400 -50
187 150 31
459 -456 -33
361 -388 28
36 494 -30
328 -35 17
-95 211 40
-346 337 -31
-153 -177 18
140 -43 3
41 -40 22
-309 -232 -50
-264 -56 20
-151 -281 15
-157 -74 1
309 -406 -45
21 486 38
-141 -320 -22
183 353 -6
-360 -114 29
100 -397 -7
369 -391 47
-187 302 -34
32 -45 -11
458 470 25
-447 -480 -42
-461 399 40
-281 -317 -8
-427 122 28
-41 -92 -4
63 335 10
172 303 -30
-25 462 -43
430 -142 -12
400 -397 42
421 -309 38
320 -411 43
-496 8 47
127 -213 -31
-464 248 -24
372 -150 22
175 52 -22
137 124 46
496 -492 -7
-401 425 -14
-209 301 -24
-120 229 -32
389 198 -50
-324 386 -49
425 -352 14
-225 370 18
328 -345 5
-48 -388 -28
-39 45 36
-114 409 36
-313 -326 46
417 -140 -26
115 -133 13
1 -122 2
150 -483 20
20 193 12
175 -259 40
288 -36 23
-166 -175 -33
-257 -318 14
-83 -362 -48
277 -115 -29
-356 -487 -37
23 30 25
41 -276 -26
-265 344 40
-24 239 -8
441 -37 -41
-234 140 38
-52 -222 -29
86 -198 -4
100
471 14 38
484 144 16
15 -111 30
240 136 -18
84 33 37
-177 450 -40
287 -457 8
-73 424 2
205 -362 29
-493 97 -27
22 -27 32
-333 -374 29
56 425 28
-307 -253 -21
227 -388 -47
178 -289 12
221 288 44
145 -195 23
284 -410 -35
-119 -178 36
354 -359 37
481 432 -11
406 208 6
-346 -500 -39
-233 -469 -19
-22 147 -47
-233 87 22
73 -186 -7
163 -32 -42
485 -173 37
-373 -306 -26
-440 84 -40
269 -358 -42
269 -244 49
300 64 -36
-52 99 -9
-465 -188 39
-151 247 -35
317 327 23
-355 192 -11
-160 438 -12
425 -460 1
-433 -378 7
-176 -388 -16
388 -244 -40
-13 168 41
300 58 -15
47 216 -11
-126 -54 24
-433 340 6
-494 -280 21
-454 228 -46
-331 -204 47
-219 133 -47
38 239 -14
-294 146 -25
264 -498 24
-19 -107 4
428 -367 -42
268 191 -4
489 -105 3
217 -61 3
-486 -92 8
147 -55 25
-113 306 -47
-466 -445 7
-464 292 28
-71 -171 4
63 -87 -48
-246 373 45
150 -101 22
-411 433 21
-3 12 -8
443 -239 -6
249 -208 -42
304 360 -3
96 135 1
426 -326 5
-160 -305 48
-287 -356 4
113 361 30
46 68 -6
-441 493 3
-179 -68 -47
113 19 48
-27 493 22
-391 1 3
-217 -454 -38
-21 -480 -45
123 58 -11
-15 -149 10
-446 293 -29
-453 -174 27
-20 -144 33
499 -171 -36
492 -449 26
-7 78 -27
40 202 -16
61 252 12
-381 -357 -40
0
