6 8
1 2 3
1 3 3
2 4 2
2 5 2
3 4 2
3 5 2
5 6 3
4 6 3

4 5
1 2 2
1 3 2
2 3 1
2 4 2
3 4 2

4 3
1 2 1
1 3 1
1 4 4

2 1
1 2 10000000

3 2
1 2 10000000
2 3 1000000

100 99
1 2 7228451
2 3 8423432
3 4 3121509
4 5 25138
5 6 3096301
6 7 1151305
7 8 7092669
8 9 8483260
9 10 3115328
10 11 3472496
11 12 7748831
12 13 6614717
13 14 6023885
14 15 9261877
15 16 2879882
16 17 2946575
17 18 9845489
18 19 3077950
19 20 4982930
20 21 5987324
21 22 4737333
22 23 1280406
23 24 1225073
24 25 5915717
25 26 809496
26 27 8001188
27 28 7673746
28 29 7607508
29 30 2633613
30 31 4562831
31 32 763398
32 33 9843822
33 34 4659748
34 35 3437808
35 36 1467242
36 37 8044922
37 38 4260208
38 39 342652
39 40 142835
40 41 373113
41 42 1619081
42 43 560583
43 44 2520242
44 45 9548539
45 46 8186206
46 47 8086405
47 48 9801520
48 49 5221620
49 50 7914360
50 51 8687424
51 52 8340283
52 53 4245875
53 54 7998394
54 55 474123
55 56 6870096
56 57 8694895
57 58 8335070
58 59 8074356
59 60 1750448
60 61 3967200
61 62 1422354
62 63 9004811
63 64 3199052
64 65 1822736
65 66 6916913
66 67 3333481
67 68 7979220
68 69 5694766
69 70 7568557
70 71 226911
71 72 6511072
72 73 8120901
73 74 5750400
74 75 7475949
75 76 4875319
76 77 2637019
77 78 2303454
78 79 2593774
79 80 4678376
80 81 4977829
81 82 1914446
82 83 6579928
83 84 6247549
84 85 927820
85 86 1745571
86 87 3944125
87 88 3125060
88 89 666359
89 90 2534962
90 91 5083569
91 92 8329640
92 93 1950666
93 94 3886604
94 95 9607536
95 96 5354450
96 97 6980447
97 98 7968452
98 99 1702979
99 100 9370092

100 197
1 2 7228451
2 3 8423432
3 4 3121509
4 5 25138
5 6 3096301
6 7 1151305
7 8 7092669
8 9 8483260
9 10 3115328
10 11 3472496
11 12 7748831
12 13 6614717
13 14 6023885
14 15 9261877
15 16 2879882
16 17 2946575
17 18 9845489
18 19 3077950
19 20 4982930
20 21 5987324
21 22 4737333
22 23 1280406
23 24 1225073
24 25 5915717
25 26 809496
26 27 8001188
27 28 7673746
28 29 7607508
29 30 2633613
30 31 4562831
31 32 763398
32 33 9843822
33 34 4659748
34 35 3437808
35 36 1467242
36 37 8044922
37 38 4260208
38 39 342652
39 40 142835
40 41 373113
41 42 1619081
42 43 560583
43 44 2520242
44 45 9548539
45 46 8186206
46 47 8086405
47 48 9801520
48 49 5221620
49 50 7914360
50 51 8687424
51 52 8340283
52 53 4245875
53 54 7998394
54 55 474123
55 56 6870096
56 57 8694895
57 58 8335070
58 59 8074356
59 60 1750448
60 61 3967200
61 62 1422354
62 63 9004811
63 64 3199052
64 65 1822736
65 66 6916913
66 67 3333481
67 68 7979220
68 69 5694766
69 70 7568557
70 71 226911
71 72 6511072
72 73 8120901
73 74 5750400
74 75 7475949
75 76 4875319
76 77 2637019
77 78 2303454
78 79 2593774
79 80 4678376
80 81 4977829
81 82 1914446
82 83 6579928
83 84 6247549
84 85 927820
85 86 1745571
86 87 3944125
87 88 3125060
88 89 666359
89 90 2534962
90 91 5083569
91 92 8329640
92 93 1950666
93 94 3886604
94 95 9607536
95 96 5354450
96 97 6980447
97 98 7968452
98 99 1702979
99 100 9370092
1 3 287903
2 4 8337510
3 5 1134891
4 6 6601434
5 7 7496887
6 8 3110602
7 9 5975188
8 10 2347021
9 11 7294951
10 12 4199604
11 13 5653856
12 14 609813
13 15 1462029
14 16 6829878
15 17 5426115
16 18 808000
17 19 299519
18 20 6060652
19 21 5849348
20 22 9534644
21 23 3303496
22 24 9526116
23 25 3363543
24 26 7834904
25 27 7425825
26 28 8115961
27 29 569006
28 30 6969582
29 31 7766906
30 32 8814122
31 33 7295082
32 34 8133753
33 35 8043815
34 36 6414478
35 37 6053653
36 38 4099222
37 39 677586
38 40 3332256
39 41 7971140
40 42 3249557
41 43 8843380
42 44 9229881
43 45 7792774
44 46 8976449
45 47 5327297
46 48 4676037
47 49 9052891
48 50 9906158
49 51 5533577
50 52 5556673
51 53 3004978
52 54 8924775
53 55 4485947
54 56 7456726
55 57 7405246
56 58 1471075
57 59 166848
58 60 1731276
59 61 3743467
60 62 6065688
61 63 8038313
62 64 7484928
63 65 4014819
64 66 2545350
65 67 4088234
66 68 6178125
67 69 626509
68 70 5970990
69 71 6245760
70 72 8079181
71 73 5532897
72 74 6678385
73 75 6509601
74 76 2280760
75 77 7192902
76 78 9440148
77 79 8632958
78 80 4499553
79 81 6443409
80 82 7207793
81 83 8708853
82 84 9377923
83 85 4882449
84 86 7402631
85 87 8499599
86 88 6506233
87 89 1855894
88 90 1224238
89 91 3854154
90 92 1884649
91 93 8641417
92 94 8945258
93 95 3057122
94 96 9043126
95 97 923469
96 98 6661279
97 99 2453143
98 100 6538361

47 210
9 20 1
19 40 1
19 29 1
36 5 1
37 13 1
31 29 1
41 21 1
12 25 1
44 42 1
2 4 1
16 15 1
35 8 1
35 3 1
40 42 1
36 39 1
29 28 1
36 9 1
15 23 1
41 18 1
16 11 1
7 4 1
32 42 1
30 19 1
5 33 1
12 26 1
44 19 1
5 46 1
40 33 1
6 30 1
10 8 1
23 6 1
44 11 1
12 22 1
20 30 1
10 24 1
47 7 1
13 15 1
11 32 1
20 32 1
6 9 1
3 47 1
10 37 1
38 16 1
41 36 1
41 6 1
35 24 1
15 35 1
11 25 1
3 10 1
34 22 1
40 18 1
18 39 1
2 16 1
5 28 1
18 9 1
29 17 1
40 46 1
12 13 1
22 27 1
41 20 1
35 7 1
36 32 1
16 20 1
8 43 1
23 38 1
26 38 1
43 2 1
32 21 1
28 39 1
28 14 1
19 9 1
27 32 1
4 15 1
41 19 1
34 16 1
4 24 1
4 12 1
44 34 1
14 21 1
32 18 1
9 34 1
38 10 1
2 10 1
46 29 1
12 16 1
38 4 1
20 22 1
8 26 1
41 27 1
25 38 1
38 35 1
27 44 1
23 34 1
3 13 1
27 25 1
42 30 1
42 9 1
12 10 1
32 6 1
20 26 1
28 1 1
1 33 1
46 39 1
35 12 1
38 43 1
16 6 1
2 13 1
12 43 1
34 30 1
17 14 1
32 19 1
13 45 1
14 18 1
18 30 1
4 3 1
22 38 1
22 11 1
8 4 1
10 45 1
23 2 1
3 43 1
27 26 1
25 34 1
4 37 1
16 27 1
39 19 1
7 13 1
15 43 1
41 11 1
38 13 1
29 33 1
22 6 1
2 26 1
8 23 1
2 35 1
29 18 1
42 39 1
17 39 1
34 32 1
18 44 1
45 43 1
15 10 1
47 45 1
44 36 1
8 13 1
6 44 1
42 29 1
40 17 1
5 21 1
35 37 1
18 5 1
21 40 1
29 36 1
30 27 1
43 37 1
36 40 1
24 13 1
26 34 1
24 43 1
17 1 1
20 44 1
21 29 1
37 47 1
33 39 1
26 6 1
16 8 1
5 31 1
46 1 1
5 19 1
14 33 1
12 23 1
31 1 1
42 14 1
24 47 1
9 11 1
21 39 1
45 4 1
26 11 1
20 23 1
11 30 1
8 22 1
43 7 1
2 22 1
5 42 1
40 31 1
23 11 1
22 15 1
2 25 1
46 14 1
30 21 1
45 35 1
19 14 1
41 42 1
25 6 1
9 21 1
7 10 1
44 21 1
39 31 1
36 30 1
9 27 1
8 25 1
36 14 1
15 26 1
14 31 1
15 25 1
41 34 1
27 23 1
17 5 1
20 25 1
40 28 1

47 210
14 21 1
38 32 75
11 15 81
12 21 30
14 8 45
34 33 82
7 23 9
30 40 14
45 20 59
33 14 46
19 35 4
7 20 97
12 8 54
34 19 87
45 14 66
18 41 76
4 6 87
3 34 96
36 19 27
17 1 22
41 25 42
5 38 64
6 21 42
10 12 28
45 36 21
32 15 69
12 4 50
38 29 72
15 17 24
26 7 33
36 3 36
35 11 19
39 17 29
44 21 21
20 8 54
47 10 4
23 37 74
34 16 12
22 23 36
41 2 53
47 2 20
4 27 6
34 24 25
9 31 73
31 27 80
8 27 54
37 42 61
29 1 76
41 4 14
46 37 5
32 1 88
26 31 100
36 24 43
6 13 62
44 4 85
26 4 85
36 37 51
45 42 40
45 44 34
31 41 66
9 2 18
22 36 16
40 24 81
14 7 8
23 16 54
34 22 16
22 44 21
22 26 70
33 46 47
37 34 8
23 30 59
24 39 46
7 42 35
41 28 23
21 20 22
2 6 89
37 14 58
16 38 82
30 38 53
24 43 16
16 35 48
28 46 21
46 22 81
40 3 15
3 35 73
8 26 52
30 36 92
33 36 56
30 43 87
35 30 44
26 28 62
8 46 51
1 11 97
44 31 52
27 21 53
24 23 38
29 39 100
33 42 32
24 35 82
20 33 92
1 5 48
44 7 53
6 18 73
45 43 3
46 31 75
9 10 62
26 45 84
37 43 47
39 16 66
37 26 16
30 34 51
4 14 56
4 20 63
14 22 4
27 25 34
15 19 66
31 20 99
46 45 60
28 20 53
36 16 20
12 31 42
9 4 43
4 46 55
10 6 35
45 34 37
26 21 81
8 44 7
33 23 78
33 26 61
44 33 2
25 9 88
18 47 57
7 34 57
3 43 36
20 22 97
28 9 34
15 5 30
35 17 99
25 47 99
13 27 83
28 6 56
45 23 6
13 41 27
22 43 84
37 44 37
5 35 93
27 2 86
28 12 33
37 20 30
41 8 98
12 18 17
9 18 60
46 7 95
39 30 58
31 6 70
13 47 95
31 14 98
2 12 20
28 27 20
19 38 99
19 42 95
36 7 17
12 13 13
19 40 38
42 22 13
23 19 54
42 3 63
39 19 25
43 33 57
5 39 56
3 23 59
16 15 45
25 6 42
25 12 96
38 17 25
14 28 21
13 9 55
38 11 80
27 18 66
21 9 85
40 5 74
9 8 73
15 30 59
10 41 3
40 32 9
40 29 99
35 32 36
38 3 3
40 11 71
24 15 98
8 6 4
29 15 48
28 44 17
42 16 86
29 35 34
21 41 90
7 43 2
27 10 37
39 3 5
43 19 4
16 40 64
42 24 77
16 43 49
39 32 63
3 15 8
46 21 99
17 40 53
30 42 8
38 24 28
11 39 54

98 376
78 84 1
85 61 56
85 19 42
31 79 39
30 82 66
76 94 69
97 10 8
16 64 56
28 90 95
95 2 37
48 33 77
48 31 83
24 41 63
6 65 4
87 14 46
77 34 82
81 96 88
34 97 48
76 1 88
51 12 91
86 13 56
20 12 78
25 61 34
14 58 85
34 49 14
58 70 43
50 9 53
64 70 22
81 84 54
18 52 81
97 95 12
32 93 55
43 78 84
92 87 3
63 26 100
86 76 80
27 11 37
54 22 85
59 40 19
60 84 67
12 84 8
33 55 43
28 93 57
17 55 44
22 70 90
23 8 11
42 21 49
64 19 63
20 47 83
35 37 30
80 61 20
60 51 30
85 91 73
57 62 63
9 72 27
48 17 52
62 45 72
15 73 36
50 93 95
44 24 26
17 35 62
7 78 13
67 53 34
41 79 13
53 12 34
38 77 27
39 66 66
76 66 19
71 59 66
71 8 46
11 14 59
5 8 15
18 44 8
81 20 92
20 60 69
51 46 71
89 28 77
94 13 45
84 18 60
43 81 65
71 35 95
67 52 95
22 19 53
87 54 97
30 62 24
59 23 30
3 27 33
73 38 87
44 79 94
7 21 71
63 16 21
41 48 34
6 56 13
77 10 51
59 31 77
10 49 38
43 90 28
62 13 53
86 36 48
26 58 62
3 2 60
34 73 73
90 7 100
18 20 70
80 9 37
61 63 87
58 54 75
88 83 60
43 83 73
7 47 8
29 27 74
58 61 53
40 35 43
35 23 4
38 49 81
15 97 86
25 19 66
9 6 76
86 57 9
34 30 25
61 32 30
92 11 47
15 77 36
98 23 45
19 80 73
66 49 93
27 87 95
18 96 54
45 1 97
3 92 84
58 91 99
33 79 11
31 35 86
28 4 48
94 57 36
63 14 21
29 97 54
88 47 8
63 70 50
26 22 52
7 4 12
32 70 4
39 94 58
31 46 74
88 4 33
67 84 38
53 48 80
68 73 20
11 54 84
13 82 28
37 59 53
86 30 99
84 83 2
40 98 9
73 95 59
56 72 28
28 21 80
61 22 85
24 31 1
87 26 47
65 50 17
18 41 90
21 6 14
52 47 7
14 22 17
41 67 30
89 88 26
75 15 36
29 69 17
8 40 9
64 26 81
33 46 83
67 96 26
60 52 77
73 29 63
17 24 8
82 73 43
34 39 3
30 94 98
70 85 98
89 6 63
42 90 90
25 9 60
5 35 46
82 49 15
63 91 6
91 64 7
74 92 2
36 66 100
70 80 54
27 68 13
13 34 64
56 28 20
89 43 66
69 68 16
47 84 54
51 18 53
95 27 57
39 38 44
42 47 70
60 53 55
54 74 81
95 69 51
2 74 53
33 59 21
73 10 59
31 8 38
41 12 97
3 75 58
21 43 99
4 72 3
75 74 5
42 78 2
98 5 81
89 42 27
17 59 70
16 22 98
56 50 96
11 26 66
45 66 81
30 38 5
80 56 83
54 64 21
68 97 49
11 2 8
96 47 38
79 53 4
20 83 71
21 50 82
32 65 62
37 55 29
91 22 42
82 77 4
98 71 28
8 37 98
5 55 13
37 24 4
75 11 57
88 78 88
75 68 40
39 86 74
27 15 78
10 13 53
16 87 61
96 78 75
86 49 30
85 9 62
42 83 25
89 7 33
51 48 92
2 29 9
93 6 30
93 85 86
72 65 20
33 8 16
16 58 1
51 79 46
93 80 42
44 46 33
91 80 70
69 38 95
46 17 30
69 10 87
36 1 76
13 38 99
45 94 54
8 17 55
32 9 88
2 15 61
81 7 25
72 21 97
45 86 34
56 85 73
14 74 21
80 65 66
44 12 93
90 88 40
44 60 12
24 53 7
55 71 34
79 37 95
78 20 7
65 25 89
88 81 82
16 3 55
25 91 33
87 2 97
95 92 56
95 75 8
66 13 59
12 96 9
50 90 49
66 30 64
2 68 32
42 4 100
96 83 72
29 75 82
46 53 72
62 39 25
68 77 96
4 50 68
69 82 38
67 51 35
11 16 34
34 69 92
82 97 25
20 67 77
77 95 77
4 6 78
62 76 71
25 56 42
24 33 65
26 3 92
14 64 45
43 47 65
15 69 21
36 94 99
41 46 4
4 43 8
25 93 35
92 15 6
10 30 46
63 19 14
41 60 73
60 96 88
79 17 19
81 42 77
72 89 88
16 74 4
32 56 18
64 61 52
65 85 34
90 72 80
27 74 30
72 93 93
5 59 18
52 81 96
32 91 23
78 52 73
1 57 22
37 48 14
48 44 54
49 94 8
63 54 51
54 3 2
83 7 60
6 90 81
57 66 75
58 19 54
38 97 54
92 68 35
62 36 48
39 10 82
77 29 16
52 12 21
24 51 46
55 31 22
52 83 81
49 62 29
65 28 99
35 33 86
70 25 54
28 9 3
89 50 11
32 19 80
44 67 11
74 26 70
87 75 16
23 55 48
3 14 99
92 29 16
53 18 13
39 82 4
21 88 53
55 40 72
37 46 94

82 385
18 71 1000
12 5 796
66 38 912
45 4 646
46 11 875
1 66 237
36 57 854
80 45 164
72 48 953
51 81 629
79 15 649
48 14 705
8 16 698
59 80 579
25 12 278
53 21 324
63 64 989
24 20 283
68 73 456
18 35 790
35 59 742
31 17 99
55 72 772
74 24 229
73 33 138
13 81 838
2 82 504
64 59 173
8 67 14
20 5 374
2 8 945
12 31 361
46 8 960
14 34 588
74 5 411
34 15 574
1 43 281
49 78 319
11 2 884
22 51 472
22 61 870
31 33 522
19 81 556
56 54 414
33 15 361
64 26 55
63 78 704
50 7 219
47 18 845
38 21 812
73 34 116
71 49 347
25 79 190
3 77 736
30 47 247
64 73 727
63 70 130
65 21 101
30 71 22
56 41 748
29 35 715
9 27 905
19 40 961
55 42 708
59 71 21
42 23 743
34 51 408
59 4 192
5 39 389
20 72 786
75 77 173
23 54 765
9 69 431
39 37 686
21 27 926
35 26 87
78 3 249
14 39 30
68 31 746
60 23 507
61 40 182
80 61 357
40 73 197
9 74 722
28 29 990
38 62 80
19 35 520
18 70 641
70 29 399
1 54 804
56 42 689
35 13 852
44 8 513
9 23 177
79 45 715
11 67 214
23 41 700
11 77 540
47 11 927
74 60 723
64 19 466
11 58 508
55 60 691
60 65 900
8 57 584
51 68 412
80 26 858
56 66 903
64 61 746
46 3 188
28 59 564
17 32 645
75 57 922
34 76 837
49 77 440
9 56 943
70 26 993
73 4 86
49 28 999
18 58 445
74 72 871
21 52 654
51 33 786
10 69 902
81 63 511
30 78 888
7 75 551
25 48 84
37 74 383
82 7 957
61 4 333
65 54 419
30 57 685
52 5 331
73 81 191
24 27 602
26 28 554
12 14 546
46 49 266
48 15 430
27 42 967
69 54 10
70 59 11
43 23 847
77 18 145
62 69 845
47 29 831
62 56 754
38 10 514
52 10 422
64 76 225
68 15 216
6 17 240
37 17 398
79 73 829
50 58 7
50 46 358
6 48 914
77 30 541
15 12 175
82 67 861
51 4 566
33 25 679
69 60 89
66 65 984
24 17 764
31 20 438
34 45 381
78 59 302
53 37 677
75 58 50
14 33 704
31 48 250
34 31 904
16 50 911
50 67 873
60 38 869
13 71 837
52 42 291
70 3 793
36 46 165
51 80 382
35 63 726
42 69 606
10 23 446
65 10 530
78 13 225
11 16 137
6 27 558
55 37 768
72 53 436
31 79 585
12 72 868
24 53 87
81 26 24
16 36 517
33 32 91
65 62 126
29 71 308
37 20 387
28 30 608
48 5 708
23 62 955
13 80 857
73 22 805
65 42 821
21 69 889
36 47 933
24 52 145
4 19 107
66 69 517
4 76 444
6 12 701
14 17 456
67 36 248
16 75 219
56 21 481
63 71 824
39 6 721
75 2 473
40 76 108
53 60 367
10 56 454
19 28 156
61 81 402
17 72 21
57 11 568
33 61 606
56 43 905
6 52 111
19 80 747
79 61 321
19 70 122
17 15 695
48 24 454
51 64 715
76 33 911
28 18 882
44 75 510
32 39 852
61 34 273
36 2 965
74 6 318
22 45 901
49 35 35
71 26 101
65 41 786
15 22 442
42 53 678
5 27 481
26 40 384
75 67 82
21 55 618
7 36 633
50 77 799
39 25 220
58 36 376
7 11 22
81 45 777
58 29 264
20 6 477
71 19 91
12 24 495
68 32 228
25 17 700
25 34 434
14 22 15
74 10 444
60 56 332
65 9 230
10 27 14
42 38 229
81 59 562
52 37 586
50 57 655
20 25 112
6 53 799
12 32 291
22 76 634
29 78 442
78 18 160
64 13 513
8 47 216
79 32 42
24 39 73
38 9 556
30 70 690
13 70 450
77 8 332
22 32 164
80 63 677
4 63 434
72 27 653
38 54 827
68 25 616
50 2 17
35 3 363
52 60 117
1 62 841
26 4 161
9 55 995
55 6 295
5 17 838
60 27 244
50 47 64
32 48 272
59 40 618
3 47 704
33 45 1000
57 18 578
75 47 509
68 45 265
30 46 823
43 38 150
44 36 413
22 25 19
49 70 619
22 31 109
45 64 95
55 5 1
20 15 386
44 82 509
76 80 819
46 29 817
82 16 859
74 42 211
55 24 979
27 37 752
52 72 914
40 45 567
4 13 916
35 30 527
41 38 822
3 58 490
12 37 62
49 57 115
5 53 652
13 40 375
40 63 882
46 75 845
20 14 46
3 57 559
76 79 628
15 39 182
10 53 488
53 9 525
69 43 947
81 76 398
36 77 62
23 21 593
80 73 13
30 58 585
13 28 399
3 71 519
50 44 582
8 58 692
68 14 884
79 14 274
57 29 389
68 61 14
65 43 891
37 48 159
8 7 611
19 78 50
63 28 576
40 51 246
68 76 558
74 21 453
9 52 874
23 66 488
58 49 108
28 3 716
10 55 103
79 51 972
72 39 305
46 18 398
26 78 678
20 32 684
41 1 181
31 39 82
29 77 840
47 49 334
44 11 198
32 34 604
69 41 71

92 248
92 29 535
80 82 90
88 42 710
1 51 73
3 54 495
68 16 167
35 37 720
17 27 439
92 43 837
59 6 948
12 39 857
1 76 67
50 27 41
17 91 2
51 55 472
60 7 179
62 82 156
2 60 707
87 92 914
39 35 574
71 79 383
19 14 929
6 91 174
40 80 499
86 59 463
50 67 545
6 33 946
19 79 536
1 24 881
48 45 132
28 11 21
38 14 739
5 53 888
5 36 198
45 47 681
81 28 542
22 68 52
63 70 157
38 4 889
3 46 811
48 60 890
12 42 20
83 69 845
14 64 738
77 5 548
57 6 478
12 16 414
32 81 732
85 74 584
10 92 145
84 16 38
42 33 303
62 1 657
91 63 151
57 85 185
3 68 641
92 49 512
44 15 131
73 68 919
56 77 918
92 53 710
46 92 504
2 22 576
40 22 928
91 44 624
15 5 795
47 66 10
85 2 822
4 41 95
88 21 334
33 63 680
18 12 781
84 17 307
75 83 29
23 59 26
55 24 447
59 24 433
42 1 261
14 65 885
49 64 812
70 39 94
1 52 43
4 75 268
23 82 167
35 16 225
60 61 828
19 77 179
84 44 232
34 73 278
52 11 881
89 74 754
9 30 484
37 7 16
9 21 979
34 13 159
2 65 492
21 35 816
13 70 37
46 19 140
67 22 513
60 70 288
2 71 802
61 80 745
63 47 460
75 47 520
2 75 937
59 76 916
82 58 370
69 1 120
51 7 886
74 66 616
90 7 437
33 16 533
58 9 639
64 34 148
29 3 875
44 20 39
92 25 545
17 25 295
10 65 282
71 83 475
38 20 779
11 21 861
22 70 724
29 19 137
36 85 363
84 5 220
23 1 339
75 70 903
41 46 398
28 88 545
80 70 686
21 15 231
22 31 64
80 12 582
75 84 62
91 45 302
21 84 967
84 39 587
26 25 245
49 65 947
1 30 351
45 12 116
58 1 696
54 26 286
32 1 213
42 82 612
68 64 515
37 55 22
40 30 198
38 34 149
41 43 965
70 45 278
49 5 345
60 36 549
13 79 919
58 48 979
57 41 326
59 39 59
38 57 830
18 55 288
11 45 771
9 86 498
15 41 533
80 35 520
50 74 726
92 34 304
77 63 860
66 83 147
92 27 412
14 41 118
35 89 703
35 22 169
67 63 467
58 7 53
12 51 63
11 39 121
15 3 671
82 63 397
23 12 890
55 21 320
35 6 397
58 35 356
21 70 460
19 74 99
20 92 232
92 8 141
80 2 228
67 73 584
6 48 495
90 48 524
3 74 729
67 66 386
66 12 696
55 63 603
82 39 481
1 18 601
63 61 636
47 17 435
92 54 448
53 56 532
54 41 425
74 39 552
22 12 354
48 16 795
42 35 436
1 90 779
72 13 868
79 65 152
5 46 217
76 40 747
70 6 819
18 48 493
48 66 790
15 66 618
68 21 966
48 85 73
76 12 237
4 26 957
46 78 711
17 68 134
14 3 379
53 26 889
65 77 389
21 59 411
87 65 800
65 47 802
44 49 863
14 92 715
92 72 131
3 53 996
1 28 715
48 69 65
91 78 894
55 66 898
35 62 646
66 57 367
88 18 193
4 80 723
9 75 897
1 86 733
19 2 819
72 5 251
24 7 501
29 50 409
16 31 566
6 84 358
82 52 339

92 347
85 6 596
19 26 510
15 13 935
18 2 802
89 4 397
80 41 900
16 32 538
2 50 694
55 5 779
74 50 690
39 46 163
31 84 499
9 35 116
34 30 996
1 22 440
57 67 493
45 37 573
1 67 149
75 23 985
84 55 777
55 25 216
51 43 610
39 7 149
53 24 523
7 66 712
92 64 43
26 32 65
83 42 908
82 84 586
4 74 207
13 30 137
32 79 601
1 56 719
29 22 541
40 26 811
78 50 434
78 73 850
34 60 497
87 73 681
56 48 491
78 23 982
22 41 186
16 18 926
38 23 716
33 41 586
76 62 120
14 21 601
13 20 493
20 52 471
46 47 325
24 15 716
8 35 202
89 19 37
92 63 237
72 68 549
46 88 279
77 61 278
52 68 66
50 9 875
88 70 876
4 24 568
53 6 853
21 37 65
40 80 364
82 42 174
89 59 788
58 29 518
18 52 677
32 8 428
34 15 435
51 55 863
80 81 358
52 32 774
76 45 339
11 71 927
72 51 22
65 61 529
37 43 584
1 28 333
84 16 935
20 9 531
89 57 259
23 33 898
11 20 614
27 92 339
2 40 28
62 14 696
64 47 623
59 75 606
61 45 367
59 13 205
24 12 689
43 84 611
69 67 829
62 92 747
70 39 797
71 55 24
39 55 175
75 29 869
90 68 544
86 1 848
69 56 650
91 34 900
58 53 562
47 62 763
39 65 320
1 10 496
26 59 452
41 67 442
13 91 319
54 4 780
16 14 210
25 63 583
89 23 647
38 85 459
36 91 206
76 65 733
26 71 181
71 72 206
10 85 95
3 13 553
37 64 600
48 24 501
87 1 514
74 29 786
27 76 881
70 5 301
70 25 708
2 32 717
60 26 397
50 89 430
38 57 427
92 70 779
76 21 213
54 29 967
60 8 93
4 38 553
89 53 180
15 83 795
85 89 525
29 33 940
72 32 526
70 61 136
9 19 926
35 2 45
69 6 960
59 31 493
91 26 981
3 72 950
36 66 4
9 60 395
1 49 875
3 45 250
69 58 665
25 45 837
17 59 87
31 20 765
42 55 10
37 79 350
91 43 448
65 14 73
39 27 652
54 73 609
82 71 626
23 31 787
57 78 399
46 92 501
57 86 537
90 5 757
2 42 132
64 25 505
18 11 894
19 24 760
26 18 704
8 71 890
35 80 448
74 41 972
11 15 50
17 23 445
50 80 389
5 45 464
21 92 916
31 3 725
53 74 77
48 75 23
81 75 366
23 8 108
3 9 245
6 1 195
66 9 772
63 47 629
19 17 925
57 17 191
62 37 789
46 25 533
31 71 103
76 63 657
36 68 520
68 63 178
55 37 858
36 37 884
66 90 829
41 58 863
38 29 429
50 31 643
67 73 782
6 4 703
61 64 415
45 66 21
33 73 316
46 14 261
72 91 672
71 2 342
34 19 753
7 42 953
51 8 971
61 43 103
37 77 213
79 76 910
57 87 46
16 51 764
5 52 684
36 47 281
79 84 613
45 68 201
39 52 779
16 37 388
49 12 782
63 5 68
80 23 794
5 72 223
40 33 623
73 58 535
92 44 447
88 27 402
90 88 96
45 47 222
13 84 851
45 71 421
72 18 831
49 85 347
74 15 422
66 31 217
37 52 503
51 9 107
40 34 274
8 91 353
56 57 851
8 81 441
15 33 182
35 34 190
5 44 754
35 83 347
30 78 203
38 30 94
79 25 209
61 62 704
89 12 554
30 11 686
51 31 55
59 80 333
18 79 393
21 47 974
62 68 215
58 35 721
28 57 761
42 90 316
89 73 425
15 9 703
79 66 857
81 78 832
49 48 710
74 73 181
17 60 692
38 15 765
21 5 623
42 43 402
34 71 525
40 24 885
84 36 499
81 74 795
16 3 997
9 81 954
77 25 111
17 12 290
78 41 542
50 17 930
14 70 351
14 7 128
7 25 14
32 11 789
44 68 117
76 77 715
68 7 346
41 54 740
4 78 409
88 45 391
59 83 55
45 91 478
1 54 59
52 84 373
16 47 213
57 80 782
30 80 201
61 7 306
53 17 739
75 50 893
75 57 677
77 92 498
13 60 848
62 88 279
43 66 591
75 15 30
4 10 352
58 50 82
24 85 606
72 14 904
76 44 67
11 42 223
9 91 367
85 33 55
28 41 266
85 74 201
38 53 4
30 82 819
76 7 830
34 3 645
82 59 738
55 61 144
3 52 870
82 66 296
27 37 35
26 51 592
80 73 389
47 55 569
83 91 634
37 46 205
60 11 825
65 92 433
15 78 535
59 2 577
59 24 415
66 34 631
57 74 367
35 13 433
48 33 243
86 41 431

98 365
80 37 782
22 50 233
41 10 22
33 3 706
92 85 553
6 24 314
39 34 428
5 6 424
76 58 591
1 94 374
90 10 997
2 55 389
37 2 596
43 31 999
98 90 306
34 64 353
8 25 137
20 60 201
28 60 429
73 72 181
96 97 201
72 79 452
24 68 681
57 13 445
36 91 195
51 28 940
46 11 223
70 24 503
87 30 848
61 91 388
48 14 717
4 93 672
65 22 187
53 78 207
2 62 316
90 7 584
9 6 459
87 3 742
23 72 497
22 61 171
72 34 981
40 29 885
13 25 87
38 69 703
97 85 677
1 17 938
91 67 442
93 77 677
39 77 549
24 61 383
45 44 50
29 92 562
25 96 716
35 53 234
87 47 875
27 98 520
56 20 623
7 4 831
88 41 610
19 14 493
48 25 433
9 61 478
11 93 107
69 28 853
10 84 421
76 10 471
72 26 592
53 43 773
67 52 535
13 45 930
64 14 103
42 85 780
33 43 267
19 45 441
92 49 900
8 51 290
49 55 243
16 25 364
70 91 631
64 26 499
34 48 802
71 79 37
39 11 531
21 51 55
83 49 431
7 95 103
49 56 972
70 47 334
58 4 478
76 98 210
9 33 188
88 27 935
44 40 274
21 62 366
94 22 960
44 89 900
12 83 42
20 51 689
40 71 721
84 98 213
89 93 601
92 71 180
19 23 825
95 64 367
23 46 397
21 79 510
24 85 586
68 47 493
23 44 395
21 32 753
88 95 499
40 20 832
47 33 95
35 94 280
42 61 464
4 74 206
25 71 430
77 10 950
86 40 28
2 56 501
58 95 829
52 80 409
93 84 926
24 53 440
92 16 786
77 88 870
30 33 378
89 46 894
11 58 367
82 22 901
88 4 448
21 23 926
81 58 712
19 57 643
97 38 367
61 69 645
61 15 907
61 78 150
7 11 971
27 74 573
81 93 21
60 16 30
6 22 513
36 69 695
41 7 538
10 81 250
43 61 577
69 49 491
49 52 863
11 48 132
67 51 850
15 17 222
4 86 703
9 63 378
41 19 851
53 30 496
38 51 427
8 45 996
33 22 244
53 47 149
20 92 523
7 27 339
21 56 985
25 21 738
80 69 186
92 67 425
96 45 795
97 68 568
10 75 24
58 90 206
74 41 526
42 36 968
9 94 7
78 36 270
89 39 402
27 39 223
15 63 527
61 37 166
74 89 953
48 57 694
6 83 61
40 46 811
37 53 333
42 38 967
9 50 864
58 14 645
43 12 260
1 65 96
37 87 59
63 78 368
88 81 611
69 85 541
23 96 94
55 85 399
19 34 553
33 5 300
33 78 483
83 67 740
4 44 631
37 28 347
45 72 935
89 7 10
48 41 342
14 72 614
72 57 875
28 30 761
75 39 373
23 20 982
39 14 217
66 44 848
29 57 415
28 62 518
11 10 772
79 20 716
1 59 234
9 12 321
78 31 250
14 88 55
66 48 787
60 85 259
32 54 55
75 7 391
56 67 181
83 61 367
83 36 894
22 63 382
83 80 609
16 57 358
72 11 65
39 84 777
79 8 422
24 80 46
54 40 954
25 19 347
29 66 760
29 97 606
13 60 333
86 57 202
71 23 647
23 13 925
54 14 525
88 90 613
13 56 182
21 60 448
36 30 317
95 74 201
7 14 765
54 23 93
71 62 893
27 64 222
6 47 780
51 85 207
12 30 955
68 69 650
82 5 816
86 26 795
8 57 686
37 67 960
70 9 128
54 25 116
61 30 845
9 87 386
92 21 77
35 6 579
44 26 634
53 22 563
46 79 205
1 63 14
40 96 690
48 73 319
26 58 725
50 43 514
59 22 763
92 96 4
98 75 388
85 56 782
18 26 174
77 98 281
86 41 435
21 40 577
83 53 719
30 85 266
6 43 788
56 28 869
4 18 586
24 33 898
18 66 493
87 91 195
1 31 982
64 84 904
51 2 23
8 60 794
2 30 352
97 16 525
65 5 113
78 82 595
13 92 739
9 53 900
58 41 890
98 95 14
69 67 851
1 50 776
27 58 857
57 96 765
25 20 434
6 69 160
41 72 704
77 58 4
93 75 393
12 47 6
66 8 819
55 16 389
5 94 546
68 92 397
1 82 578
45 71 82
16 56 898
71 32 788
86 25 45
25 72 190
13 79 535
10 89 774
9 65 368
83 2 537
81 98 884
6 78 534
64 41 863
38 92 191
64 11 245
22 31 156
59 5 641
97 13 459
53 5 536
56 8 606
7 73 316
37 6 959
37 68 710
81 64 837
39 41 764
80 91 782
32 20 203
65 15 341
13 40 692
80 30 95
9 17 428
46 66 108
71 51 554
12 24 656
4 19 789
83 70 89
89 18 626
14 44 908
87 83 514
4 46 927
22 12 481
78 70 700
74 90 464
78 94 814
18 11 296
97 21 665
47 28 829
49 97 542
22 70 697
33 42 217
24 36 704

98 400
55 71 4
32 50 233
82 68 981
14 28 851
82 7 553
15 33 55
22 65 788
51 44 493
69 41 546
10 67 50
97 92 31
98 19 217
86 85 137
13 63 83
80 1 96
7 97 40
87 30 721
56 7 83
55 20 181
63 15 35
53 17 433
66 64 609
6 15 149
13 55 77
94 33 4
84 60 368
96 32 13
79 75 626
20 83 782
56 63 31
26 23 35
94 90 985
88 26 397
27 95 968
53 7 45
27 81 195
36 41 91
73 15 166
55 50 59
45 24 100
48 25 42
45 71 347
13 86 34
71 57 960
33 61 29
19 17 614
89 18 100
78 71 3
73 50 171
12 86 90
58 17 116
56 49 510
7 19 342
60 89 21
65 39 940
95 50 907
48 2 150
38 8 780
17 85 28
61 2 428
97 72 513
54 95 7
65 90 182
79 19 296
93 29 760
36 92 378
72 81 31
39 84 84
89 90 623
16 31 70
17 54 65
34 54 908
6 70 703
18 95 894
65 5 689
12 69 280
11 12 706
33 89 562
14 31 464
61 38 7
69 72 960
18 46 19
71 77 195
86 37 535
50 12 207
23 72 300
56 59 753
73 18 367
20 90 568
78 33 95
10 56 794
56 87 67
57 5 389
11 55 71
64 33 677
36 45 266
53 68 347
86 21 28
52 85 2
81 14 58
35 53 2
52 12 814
77 40 128
71 92 898
57 21 501
90 13 898
18 83 333
52 93 13
73 23 645
44 87 98
90 87 606
50 85 14
81 25 18
97 68 34
39 94 518
53 74 93
1 54 15
69 95 7
13 54 46
53 78 930
40 27 900
85 47 422
91 69 250
64 96 782
24 26 435
8 55 46
26 59 174
49 26 795
68 92 52
76 69 368
71 20 710
72 64 40
15 36 334
8 41 3
79 82 586
87 86 430
1 37 70
98 54 499
6 27 59
14 70 491
13 56 893
36 20 352
74 85 694
49 75 22
34 85 274
75 7 493
50 16 864
40 31 321
50 80 187
38 93 191
88 76 59
30 65 358
77 34 86
12 41 68
83 45 493
78 49 94
8 71 853
58 30 577
29 85 445
26 19 631
41 61 378
74 59 703
83 70 514
38 64 207
15 2 388
40 18 459
35 88 108
40 11 188
11 9 314
66 11 631
43 57 541
94 22 832
65 14 83
78 10 201
30 13 366
97 62 641
26 85 954
43 72 30
43 27 848
81 61 222
34 49 50
87 96 201
88 17 848
20 96 397
54 68 704
48 69 7
94 51 434
94 20 16
59 51 787
36 10 96
53 30 738
86 59 686
79 49 441
51 37 925
47 93 415
56 53 996
8 1 79
84 63 816
50 76 382
7 49 935
79 50 13
47 24 819
2 27 845
3 90 553
36 3 95
26 54 525
6 11 61
51 65 37
98 4 367
6 61 94
6 35 85
15 12 742
6 92 217
33 87 739
39 8 967
62 1 982
61 49 88
55 57 316
14 11 160
72 50 700
51 88 55
43 23 383
43 8 186
69 13 6
61 76 514
6 65 1
74 67 717
6 17 14
39 13 427
28 9 431
60 69 113
20 22 69
44 10 87
10 47 333
75 98 765
18 36 719
41 27 6
38 45 259
15 81 42
23 95 695
81 84 483
92 12 386
30 85 205
35 11 36
29 18 48
48 81 270
30 93 716
20 12 40
82 74 132
57 83 442
28 71 596
81 96 15
68 1 85
94 21 180
39 28 863
1 63 578
29 44 87
21 10 429
98 7 36
63 69 901
87 1 90
31 95 317
12 77 577
57 90 425
56 69 30
29 87 647
68 46 181
96 13 606
82 51 89
65 33 523
42 41 244
30 88 926
31 4 77
93 46 6
36 34 3
82 35 789
47 34 73
76 1 374
72 27 536
97 81 579
96 10 459
24 30 452
92 40 478
1 16 938
66 20 740
33 28 542
28 96 972
61 32 999
5 8 586
38 57 23
33 20 850
88 47 765
93 21 786
80 52 341
76 68 88
23 66 95
87 5 290
5 93 55
83 22 15
58 78 51
70 49 20
21 33 61
18 12 260
66 28 537
47 53 690
2 97 234
46 34 634
18 6 440
29 94 203
15 43 503
7 85 643
10 51 448
11 81 955
2 32 31
72 18 424
8 21 681
97 91 156
62 58 45
50 2 481
87 38 399
88 68 825
82 3 25
89 22 30
70 38 24
65 58 38
26 46 645
76 48 527
87 22 82
8 65 99
29 59 692
38 20 535
7 4 851
46 98 107
61 63 595
65 56 364
71 64 782
95 30 36
7 67 319
46 74 802
67 98 103
41 77 773
18 81 656
2 23 704
43 11 959
28 36 829
66 15 496
36 66 12
11 83 780
55 37 554
61 5 73
1 32 14
93 96 665
47 58 795
58 68 202
75 17 592
3 39 409
43 51 13
56 94 982
50 22 36
65 86 389
5 37 525
1 60 234
97 12 697
98 25 55
89 39 367
35 85 875
44 68 497
34 45 3
62 38 100
92 94 80
88 25 50
86 93 885
17 25 927
59 78 716
79 53 395
55 72 76
90 8 900
97 41 563
45 32 51
2 46 43
66 56 28
9 77 875
4 34 900
8 14 761
92 41 788
98 82 725
68 85 811
14 20 650
87 39 869
56 95 72
75 91 42
35 4 894
2 84 534
27 12 267
26 53 190
14 15 89
91 1 776
46 35 223
62 61 763
90 28 243

98 400
34 45 452
38 7 49
12 66 476
24 11 70
61 21 101
33 65 36
6 11 129
4 85 42
10 28 61
57 97 713
97 56 32
1 33 79
79 56 5
65 25 871
86 7 25
57 85 34
68 1 279
68 37 84
17 40 392
18 26 11
14 86 176
80 71 97
49 15 720
92 75 977
66 50 649
42 60 986
35 78 84
51 66 44
93 54 704
50 35 455
24 81 247
3 84 53
34 39 262
4 50 376
52 29 83
42 64 569
53 35 440
22 32 258
59 9 702
59 73 390
23 57 447
20 34 665
27 62 21
49 92 662
72 73 707
16 33 964
42 58 404
21 22 484
79 65 13
69 79 179
85 15 731
96 1 235
33 64 651
23 64 300
80 35 229
64 56 46
33 58 658
51 80 169
21 2 69
75 41 53
35 57 563
1 46 195
55 93 240
69 10 42
77 76 754
49 51 245
66 85 695
76 54 1
5 82 120
16 23 95
4 49 65
44 92 364
37 42 761
27 72 26
81 17 42
2 22 618
42 56 255
86 90 847
14 13 113
11 13 603
90 59 433
45 53 381
74 20 446
8 45 505
32 94 96
82 86 188
24 7 84
83 58 165
16 26 625
26 42 10
29 57 971
54 81 645
3 13 82
74 17 668
27 19 725
4 75 85
28 37 501
18 83 443
15 44 262
47 75 56
26 50 914
56 28 574
64 79 416
36 74 885
7 11 800
48 89 358
41 71 89
17 2 207
42 12 747
48 93 89
83 37 89
46 69 376
96 30 68
27 7 207
23 49 78
6 70 521
19 20 727
98 84 943
78 47 347
25 33 1
71 89 40
94 71 25
70 87 734
29 50 221
42 50 151
5 67 88
17 72 91
31 4 463
66 49 756
29 34 137
77 41 20
13 5 20
18 97 732
97 16 444
58 16 67
21 81 83
41 48 16
68 18 495
3 7 415
86 11 389
52 39 160
52 41 275
7 21 75
25 42 68
18 63 961
98 6 834
36 75 87
40 71 374
95 3 732
75 89 57
45 60 679
76 17 852
27 40 39
38 6 77
74 73 819
94 48 19
58 97 48
77 32 65
86 17 24
48 32 7
53 4 188
29 51 27
98 95 456
40 61 858
85 42 588
15 18 93
66 34 941
62 81 100
53 92 880
8 35 832
87 95 84
44 42 884
39 91 498
31 29 380
91 77 319
55 90 456
58 79 28
16 42 847
16 79 763
57 4 70
8 51 483
47 66 67
55 38 338
38 13 185
96 65 7
98 5 546
25 30 229
19 73 27
57 26 269
52 66 303
80 92 622
90 13 627
89 91 456
25 28 976
80 66 130
14 87 32
61 2 801
16 28 560
74 39 467
26 56 698
15 53 78
41 31 639
92 8 882
29 53 376
75 88 191
28 44 950
69 26 649
3 2 289
15 60 611
32 17 214
48 36 874
12 92 718
77 52 89
31 35 46
45 47 537
30 56 910
64 28 299
52 71 79
23 60 285
1 30 169
52 20 240
5 9 45
63 58 396
27 86 456
12 51 837
80 89 103
94 54 10
62 59 509
58 30 7
11 2 698
59 17 517
38 72 10
51 47 533
26 60 455
57 64 91
51 44 911
2 90 521
89 32 22
46 25 758
12 97 883
41 88 76
47 92 339
36 76 4
6 90 792
48 77 825
74 22 50
52 89 569
71 19 610
63 44 753
83 33 79
96 37 982
10 49 801
31 66 695
44 10 354
75 71 188
63 16 730
51 35 34
28 12 350
10 85 34
64 85 55
82 2 110
31 51 953
70 17 78
16 46 65
20 80 121
19 39 640
48 39 426
17 24 924
65 64 621
72 24 58
91 41 3
52 78 519
28 69 140
73 93 48
42 10 60
78 66 23
18 79 330
15 26 94
88 32 589
24 27 645
98 67 803
44 26 705
80 4 89
40 73 845
46 56 424
62 24 568
30 64 18
19 61 420
21 93 98
74 61 174
25 79 344
43 14 95
62 76 394
12 45 428
72 82 733
76 71 77
39 71 23
82 59 64
29 80 991
92 31 368
70 84 755
62 19 577
23 58 541
57 42 786
7 73 437
9 7 215
91 71 349
89 20 53
97 15 2
94 81 500
20 32 294
65 1 679
35 49 783
66 35 31
9 72 934
45 75 96
47 29 360
47 4 51
32 36 802
40 81 838
63 37 728
45 52 15
66 57 788
50 63 679
14 7 96
93 74 375
38 67 272
80 78 596
60 57 73
31 78 266
36 94 44
91 78 721
12 63 64
25 23 558
53 78 336
1 83 663
26 53 204
23 37 19
19 32 82
82 67 410
45 31 911
77 36 73
97 64 39
67 70 478
4 60 17
77 54 92
41 40 412
7 5 54
67 14 817
68 30 69
27 55 867
31 39 945
40 54 26
98 43 312
22 81 55
34 75 65
72 3 171
64 63 11
64 15 795
86 93 762
52 75 99
60 51 357
8 4 855
4 34 5
97 69 191
44 66 79
92 60 305
59 3 737
78 44 52
11 55 538
20 93 96
91 88 812
18 10 539
84 14 305
85 63 211
1 79 284
9 84 297
53 63 695
56 68 790
61 48 888
88 40 898
87 98 934
69 68 41
21 90 545
40 77 77
10 64 792
44 49 92
77 74 474
18 30 532
70 21 218
44 4 62
47 71 314
63 56 63
70 59 997
13 98 558
52 4 38
60 10 182
55 14 601
86 62 84
85 23 999

98 400
71 66 53
95 54 72
12 11 90
59 3 15
32 44 68
98 90 18
91 14 134
19 43 40
43 25 15
14 59 167
36 32 328
52 82 45
79 38 396
46 64 55
28 41 70
5 15 56
20 90 58
93 53 947
30 68 84
35 86 99
48 20 7
86 83 829
75 30 96
7 47 6
70 28 17
36 27 39
63 18 84
73 19 95
12 84 61
21 34 35
98 74 129
80 14 34
73 56 598
31 13 798
92 45 45
74 94 295
8 10 65
60 59 97
70 43 68
72 5 65
2 34 76
88 82 27
71 59 67
62 53 347
30 97 13
57 70 538
95 84 67
39 53 45
78 63 41
34 6 40
90 96 457
10 91 324
84 7 60
39 49 460
22 51 34
92 83 225
17 52 39
12 61 73
39 29 88
77 11 20
62 90 30
39 62 474
63 69 85
72 79 88
12 79 899
14 56 1
82 68 24
88 24 445
5 84 30
34 77 28
40 80 36
30 93 75
84 34 969
75 93 16
73 66 10
74 96 84
67 57 38
72 85 541
81 3 8
67 43 622
89 91 847
88 2 98
59 36 71
25 95 96
48 68 821
55 53 80
24 78 206
86 15 92
57 45 52
22 46 60
55 20 40
36 8 208
46 82 35
38 84 46
32 40 7
53 69 29
6 38 354
61 2 870
17 7 49
78 22 25
47 45 98
50 81 5
68 20 70
62 55 651
11 38 3
36 81 859
25 76 57
40 44 31
52 78 83
91 41 25
46 18 30
45 95 44
51 9 91
37 61 3
78 17 569
62 9 61
17 11 44
5 76 511
88 17 764
23 8 892
45 84 76
41 70 73
52 18 744
13 39 787
24 46 50
57 83 370
31 94 203
45 67 34
46 97 773
65 61 90
19 89 27
98 96 820
13 75 32
35 70 89
93 68 944
69 93 804
24 2 788
47 77 89
16 82 704
76 43 920
21 24 278
59 44 56
47 28 38
21 78 28
20 62 935
73 42 94
36 44 25
25 86 96
57 95 23
27 60 99
23 60 353
37 21 1
93 97 69
84 85 905
80 8 1
10 36 97
35 81 63
33 44 31
90 55 348
33 50 84
34 65 23
42 43 70
77 7 73
55 31 61
92 58 53
53 48 86
96 39 26
59 27 80
56 71 48
34 12 789
70 42 30
80 32 928
51 63 124
73 14 59
14 50 506
49 55 773
92 66 96
79 34 53
71 36 412
36 73 95
69 97 703
91 35 9
22 69 689
21 6 12
37 11 936
1 32 24
11 84 75
26 11 16
94 90 40
21 61 849
55 98 91
79 7 271
86 10 8
30 20 769
31 39 29
23 81 5
97 52 963
71 23 20
57 25 849
72 45 734
49 29 575
19 41 34
95 19 68
28 86 73
70 15 94
89 59 87
64 68 76
10 3 972
42 15 11
2 46 44
85 5 6
51 18 37
79 54 19
2 65 187
35 10 236
81 59 190
90 31 329
72 47 490
97 53 85
87 30 806
83 15 856
49 53 128
29 94 935
92 67 68
64 63 100
45 76 97
3 14 690
54 5 417
37 7 390
90 39 126
28 19 42
42 92 90
98 31 708
1 33 411
48 9 507
89 92 52
6 12 57
32 27 95
5 95 35
85 67 84
54 58 95
82 17 96
60 1 131
10 50 19
67 72 483
92 28 752
97 51 52
82 78 188
36 50 13
39 20 48
75 94 79
63 68 73
64 51 42
94 55 480
41 66 712
3 32 93
12 47 106
53 30 137
87 75 423
64 52 379
77 88 77
73 71 71
78 16 58
10 73 61
4 2 20
7 21 4
3 91 20
16 64 703
2 78 96
74 13 118
15 28 65
17 2 472
34 11 89
67 95 717
33 23 68
6 5 36
17 37 26
25 42 59
16 26 110
33 36 41
9 52 55
30 55 39
7 12 87
66 91 80
24 65 55
94 49 14
68 52 50
59 8 32
90 87 77
81 91 941
87 9 36
84 6 74
53 20 60
54 28 92
58 28 49
20 9 55
68 9 58
77 61 74
11 47 49
56 25 21
73 89 335
48 51 38
37 77 92
48 97 13
85 57 37
19 42 32
86 56 36
46 93 59
41 83 831
55 9 47
79 47 37
3 89 61
68 18 935
38 47 538
9 30 295
33 80 91
71 91 592
81 42 14
16 17 312
69 20 1
43 45 820
43 92 99
44 23 960
79 84 33
84 61 81
37 88 854
35 83 64
29 20 85
78 88 82
46 69 42
4 63 10
9 46 88
16 24 899
67 5 641
69 87 43
95 92 975
11 6 357
39 75 2
54 72 979
81 71 62
67 28 780
72 38 38
26 4 89
75 96 95
67 15 96
30 18 4
63 52 21
61 6 53
56 35 97
89 83 86
2 26 844
29 13 596
74 39 6
96 13 94
2 37 894
92 41 81
56 81 56
15 25 412
35 19 671
20 49 437
79 77 107
77 84 66
85 38 83
62 97 37
25 58 41
98 29 96
40 1 329
51 68 90
68 22 606
60 44 74
25 19 185
45 58 27
40 23 13
64 78 79
6 77 630
3 19 27
8 91 85
71 42 59
47 85 86
76 47 15
83 45 21
57 28 442
3 86 73
6 54 24
29 30 54
28 43 77
24 82 3
31 62 46
26 17 71
77 65 22
58 5 81
41 86 79
47 58 385
57 58 27
45 15 67
8 50 463
56 42 2
78 26 23
60 32 22
45 5 948

100 371
55 45 24
24 58 32
64 40 56
85 91 51
8 78 96
11 50 75
97 40 15
62 23 24
50 23 881
36 69 8
7 65 61
23 33 87
77 95 90
27 74 67
41 28 21
98 24 65
97 73 37
80 24 14
41 10 36
76 8 60
88 51 68
67 99 49
5 28 98
77 36 48
39 56 26
39 28 70
90 72 24
17 59 82
13 89 20
82 93 45
9 2 55
18 72 4
51 55 92
46 77 87
14 44 46
75 49 29
83 38 88
76 68 45
98 4 66
47 70 78
33 50 16
23 57 1
11 69 74
35 37 36
27 90 28
97 30 47
2 24 25
31 88 75
66 35 43
36 76 653
48 78 28
18 15 49
73 62 73
63 43 45
36 11 14
37 39 51
86 21 53
54 19 57
72 92 95
10 76 57
82 21 95
53 63 44
43 14 11
32 52 70
37 93 9
97 62 32
35 13 71
92 27 48
19 58 43
18 92 75
18 22 362
75 46 43
80 87 17
36 38 45
7 67 54
94 16 12
54 35 79
85 51 32
10 77 49
34 98 394
61 51 37
34 94 815
90 83 40
5 62 998
65 30 44
35 82 85
94 80 9
62 64 2
63 2 46
62 41 80
53 87 423
44 87 49
42 100 79
6 9 35
3 89 68
95 23 36
25 16 517
83 52 51
43 4 16
54 13 87
13 37 55
42 79 98
2 53 19
44 82 73
67 28 7
16 63 22
23 97 64
86 35 83
24 44 11
51 38 78
5 23 70
20 26 315
81 76 42
60 85 31
34 16 99
1 17 722
82 43 40
26 100 82
64 7 92
46 76 31
31 51 41
2 14 80
61 92 99
37 56 54
55 60 8
91 60 67
69 76 58
61 88 18
13 97 4
16 14 20
84 58 36
13 93 22
71 63 58
8 51 4
50 69 75
77 33 82
44 2 22
23 39 45
49 38 169
55 91 62
87 47 9
45 88 58
21 14 87
86 56 62
38 77 36
13 86 93
90 15 894
12 83 54
87 1 27
24 9 52
88 78 154
74 61 45
99 54 94
51 49 609
16 43 46
88 48 71
41 50 24
82 71 22
3 54 19
5 41 53
75 55 26
84 35 26
35 89 94
71 13 20
89 66 602
47 82 43
15 91 38
61 12 36
15 100 24
69 95 44
26 22 29
45 74 699
84 66 100
24 53 67
44 53 41
43 44 47
18 52 6
78 61 45
5 65 455
80 17 93
4 6 87
83 78 86
99 56 65
32 90 94
74 91 18
60 15 3
38 85 79
84 71 36
30 7 76
19 44 84
92 83 37
19 9 67
35 58 28
47 19 18
14 24 2
67 93 44
95 36 82
87 59 28
78 49 46
77 30 19
68 11 20
33 46 57
56 54 44
52 61 87
58 99 21
81 50 85
62 65 75
62 28 26
93 3 60
72 100 61
77 50 85
73 33 79
52 74 1
27 100 74
30 57 20
42 15 37
51 95 35
25 59 4
59 1 27
19 43 318
12 51 99
47 25 77
56 28 33
26 60 57
44 47 356
9 14 51
69 68 2
44 21 79
78 60 73
75 36 77
40 39 623
35 71 52
42 27 23
26 15 72
41 30 3
3 40 33
68 33 4
48 36 14
49 32 7
61 60 22
85 49 30
77 68 41
89 54 94
55 92 85
24 4 77
11 10 61
25 24 37
22 100 935
81 77 85
62 7 86
19 70 29
21 24 43
99 3 57
25 9 25
53 80 55
64 13 30
6 16 95
80 4 206
9 16 32
63 59 26
82 89 98
73 50 66
51 32 10
96 97 52
37 54 21
61 20 97
29 51 34
79 74 11
92 52 97
96 37 17
91 61 63
49 83 41
7 57 9
47 63 59
97 28 989
87 4 105
1 53 87
60 88 18
53 98 78
88 12 65
65 96 79
46 78 83
62 67 85
94 1 28
80 9 14
95 10 92
43 80 64
79 15 840
40 66 43
46 11 71
75 83 15
56 40 14
74 55 78
31 60 52
2 47 97
66 82 19
5 81 59
91 78 59
87 2 61
30 39 2
42 20 86
3 39 15
69 33 127
99 37 92
73 23 3
59 80 55
16 47 45
68 81 54
67 97 52
32 61 43
21 99 91
23 28 72
13 99 9
96 57 728
49 46 96
1 34 56
89 99 45
14 35 15
55 85 84
56 93 98
68 50 46
64 35 42
36 12 17
57 33 23
48 46 455
94 87 45
10 65 80
11 38 57
54 86 48
65 97 15
45 15 90
91 32 939
90 18 73
9 47 33
12 49 79
73 41 86
30 10 77
80 34 60
68 8 21
81 33 66
29 75 99
98 16 55
27 20 28
32 15 60
17 2 40
17 94 843
26 27 77
58 21 36
75 48 100
19 24 80
11 33 37
77 76 71
73 30 89
9 86 18
67 3 91
41 57 48
60 27 44
34 25 54
48 33 88
82 19 71
32 27 83
66 58 52
96 81 54
41 11 36
30 28 23
6 53 498
36 29 7
10 73 91
13 3 33
51 78 52
76 12 40

82 371
66 73 611
27 76 2
54 48 416
5 1 591
48 24 44
44 29 26
19 40 98
26 63 195
76 65 64
81 57 329
75 7 52
41 69 57
61 42 7
3 36 22
28 75 820
34 16 275
51 66 576
49 68 21
77 74 180
29 33 899
72 1 125
58 30 81
58 23 210
22 27 353
81 34 75
41 5 95
56 42 596
49 64 2
70 55 232
44 35 192
17 28 447
75 67 216
20 62 835
44 56 887
58 31 780
3 75 412
68 40 42
24 42 944
52 58 418
9 48 538
65 22 645
23 78 624
67 34 52
30 27 45
40 28 717
27 18 768
36 40 274
25 32 830
54 58 931
39 33 351
82 17 347
74 7 474
63 37 402
39 47 334
81 50 4
13 16 82
21 52 29
10 82 71
67 54 960
58 18 857
20 72 694
53 75 280
44 47 34
29 26 73
78 81 91
82 71 31
10 78 964
78 40 759
37 41 225
76 2 981
54 63 955
3 42 25
23 28 319
66 6 990
54 29 748
26 24 16
75 49 393
23 70 97
12 45 934
80 54 332
75 8 331
46 75 833
12 42 22
50 67 936
37 16 724
58 19 148
46 51 6
82 2 716
1 64 502
70 66 243
27 25 228
77 19 87
21 80 629
75 41 245
69 40 396
20 7 22
65 33 11
75 68 397
15 62 920
47 78 820
40 64 593
73 75 79
62 26 178
40 37 2
43 79 36
14 8 442
15 34 85
32 1 648
45 48 734
29 25 274
73 57 661
17 65 18
40 63 726
23 49 799
21 27 517
38 39 742
46 6 887
21 82 261
75 72 801
20 5 406
8 5 87
16 11 994
54 3 288
77 5 592
32 73 28
36 41 77
25 74 772
40 72 387
6 78 244
25 77 61
48 79 228
34 80 390
19 76 963
20 46 983
14 76 801
35 82 860
12 77 436
79 76 763
21 34 39
66 52 193
29 21 303
10 43 86
16 29 43
80 78 19
56 65 44
42 32 43
49 40 183
53 14 78
35 10 24
57 24 171
75 62 883
58 27 10
49 73 155
70 48 863
19 70 85
66 67 71
57 76 88
1 60 38
49 33 594
71 52 29
42 64 54
43 44 757
20 77 91
16 46 45
33 12 990
49 56 108
46 54 339
62 39 4
47 29 348
77 72 597
1 42 289
19 67 350
5 74 55
37 8 100
78 31 511
40 5 850
57 77 698
54 70 44
67 37 371
19 65 53
56 59 31
30 44 57
62 54 237
13 48 36
39 34 866
27 65 46
68 23 18
1 3 123
57 79 493
1 55 974
9 44 81
78 52 649
16 14 504
2 44 298
82 9 551
67 47 104
4 54 600
32 37 108
80 31 792
2 28 307
47 66 177
20 74 473
54 42 386
1 68 953
35 78 827
44 26 71
34 82 803
9 62 35
26 41 891
65 47 655
75 63 139
1 61 847
35 67 203
6 39 719
57 7 687
37 74 598
27 37 259
4 7 824
79 11 45
50 48 243
67 2 706
78 7 918
57 11 330
52 82 144
63 33 668
23 74 429
44 81 619
24 23 62
38 80 752
56 41 196
46 57 97
69 19 240
42 72 3
80 23 598
75 32 91
16 31 12
53 25 507
16 23 435
1 41 793
58 78 20
48 29 3
72 25 699
60 19 531
23 42 901
16 66 14
49 20 590
21 48 521
12 23 499
50 27 238
52 27 190
67 11 277
73 60 353
82 15 365
50 82 181
49 32 87
39 71 849
66 24 795
49 1 866
79 2 20
32 3 24
1 74 762
44 51 504
1 8 94
30 40 624
58 10 555
28 79 422
32 26 404
69 1 487
34 38 90
45 74 503
79 10 98
5 23 157
35 76 668
31 28 915
6 51 83
75 23 48
22 80 631
40 59 636
60 20 865
75 29 252
23 48 933
62 58 8
8 24 194
33 24 44
37 55 510
82 51 430
73 76 610
35 48 512
30 53 42
35 29 104
13 15 789
7 12 983
25 76 591
54 12 501
68 20 247
55 64 32
75 39 276
23 27 339
12 1 695
31 76 439
76 15 553
9 18 90
82 22 628
18 57 997
2 57 182
60 70 559
46 17 550
80 77 76
74 14 559
42 75 164
48 34 815
65 23 863
82 81 416
63 1 516
22 71 14
37 65 472
29 52 105
1 4 747
2 46 851
39 21 95
21 35 98
30 57 31
82 11 917
78 15 8
76 56 654
4 40 709
57 19 908
66 43 709
29 17 231
45 64 113
10 76 27
28 45 232
7 27 415
82 18 149
40 16 856
5 47 737
15 38 34
38 82 926
36 1 696
64 47 612
45 37 76
73 59 376
77 13 936
7 80 387
54 47 42
26 68 815
16 20 109
82 79 748
10 16 528
57 10 375
82 6 545
42 69 26
55 25 165
33 73 27
82 43 431
76 6 173
54 28 768
59 36 84
17 67 619
6 38 96
68 77 246
41 12 46
68 5 35
70 8 17
32 33 4
35 30 74
1 59 261
14 58 335
13 38 948
25 65 766
5 73 955

92 400
25 91 104
71 36 263
19 82 594
23 49 833
5 52 183
38 48 108
4 31 668
38 12 734
1 20 393
88 60 364
10 1 584
92 43 843
20 83 655
7 40 499
84 59 61
11 60 790
55 78 203
19 73 190
87 48 396
73 17 31
66 88 911
15 73 78
40 57 387
56 60 566
21 58 422
40 5 795
6 86 937
48 80 696
35 68 493
2 85 952
59 87 240
9 64 572
24 36 196
19 21 517
34 27 551
82 22 180
40 49 171
22 79 772
21 14 52
74 21 97
92 39 60
18 9 857
44 64 498
16 87 955
89 74 504
83 40 195
49 25 631
11 1 194
45 89 348
65 34 149
28 8 766
86 67 793
2 72 694
14 45 920
44 2 99
38 33 237
79 60 331
59 80 261
23 69 245
3 9 668
69 51 892
83 18 546
69 79 225
19 77 827
27 92 512
43 77 83
65 74 709
92 26 389
62 92 146
58 52 590
30 35 275
74 43 91
45 38 232
15 54 511
59 66 289
72 18 772
43 78 997
86 18 563
19 24 472
43 54 716
37 81 6
17 12 365
34 31 763
69 59 288
51 87 59
46 18 875
40 36 113
60 23 699
16 60 597
89 78 335
34 76 347
66 18 104
64 83 386
34 70 416
18 80 46
19 78 353
34 63 303
75 19 933
33 61 82
5 81 507
29 5 559
31 28 619
74 15 915
54 63 104
71 85 292
32 86 727
58 40 415
88 1 929
47 92 532
75 5 863
29 9 709
58 82 636
91 29 165
72 24 592
9 52 38
58 45 447
57 74 629
23 85 194
4 62 857
49 3 624
31 40 84
10 72 132
58 12 512
78 39 375
70 3 259
19 13 436
60 3 17
67 71 35
44 48 901
78 15 439
92 65 77
8 13 990
35 63 815
80 75 695
28 70 350
77 58 33
44 84 596
52 19 108
45 53 931
5 24 661
18 1 440
53 35 960
74 38 936
21 39 72
91 40 44
91 23 276
59 15 624
38 79 53
59 70 339
32 44 391
31 84 835
61 84 983
74 58 307
3 5 759
46 84 474
17 81 95
76 81 849
25 37 3
52 53 393
90 60 600
80 23 866
31 25 173
48 69 412
64 1 460
71 66 934
26 25 748
17 21 277
33 8 178
61 29 353
82 91 376
23 15 216
66 52 502
78 63 521
55 28 948
31 33 81
14 92 747
49 75 319
40 46 598
8 35 274
14 39 39
35 4 4
65 30 37
3 57 856
90 69 620
36 3 593
57 84 109
58 59 210
42 9 706
1 71 156
35 26 330
70 77 748
59 60 387
15 25 780
66 79 953
54 31 981
7 23 274
77 57 18
75 91 598
80 64 640
10 83 873
53 7 35
89 41 243
61 13 983
24 53 611
26 73 181
61 23 883
52 85 100
1 51 34
76 73 507
6 85 902
87 67 125
22 56 342
41 60 694
36 42 487
54 49 71
39 25 71
81 49 654
72 86 52
35 17 528
77 62 294
66 11 394
45 65 860
81 39 742
59 9 824
28 38 698
82 63 31
4 70 332
77 92 69
8 48 404
21 70 148
26 74 244
47 81 887
1 56 185
81 53 339
32 80 756
19 23 610
61 45 757
19 45 238
28 65 994
19 59 863
64 51 25
12 15 12
77 17 884
75 22 503
4 65 418
66 51 639
16 44 386
89 33 801
7 10 356
52 46 429
86 85 52
59 53 60
31 41 351
23 70 280
19 79 908
10 80 386
31 13 501
54 91 177
43 73 416
74 39 964
91 59 435
33 57 390
30 21 706
91 77 334
53 84 918
70 82 934
67 1 495
81 19 768
21 33 45
60 67 94
12 33 17
89 3 371
49 21 887
51 72 606
92 68 730
75 89 531
21 89 655
91 3 717
30 34 803
78 37 329
72 29 850
79 9 139
62 73 144
7 11 90
48 31 232
74 31 504
43 50 77
57 78 752
2 60 304
84 8 687
10 36 8
86 11 895
1 32 726
1 42 605
6 1 487
4 30 555
64 67 46
15 3 724
88 80 70
19 29 865
44 41 944
13 9 90
21 43 619
89 16 252
12 47 545
55 21 866
68 45 431
26 34 261
16 83 402
74 63 228
22 71 799
41 87 157
68 21 936
42 85 516
18 22 805
92 50 782
91 52 155
28 37 789
73 38 792
67 36 123
90 1 961
86 79 247
41 7 815
6 80 338
86 51 903
42 83 747
7 59 246
55 92 488
2 46 62
44 29 164
3 83 955
15 79 963
44 18 582
76 28 193
12 70 768
30 92 759
36 84 612
30 28 990
61 82 799
67 69 762
22 13 473
80 20 607
88 83 9
28 63 538
92 37 305
71 72 316
7 51 279
61 41 899
89 54 820
47 34 926
75 60 801
80 3 648
24 9 600
28 62 576
35 76 182
33 49 228
7 71 342
77 61 298
34 62 430
60 29 737
92 17 414
24 83 726
86 48 397
77 26 578
31 12 553
57 54 645
74 27 8
72 64 291
11 9 534
81 68 851
67 83 591
73 63 231
4 63 243
30 54 917
41 91 11
12 50 628
2 36 697
21 47 719
22 84 559
29 15 510
34 61 192
87 42 847
46 13 442
41 19 820
76 74 649
13 36 891
59 72 406
58 48 830
2 1 91
92 76 348
61 81 105
5 4 591
6 87 813
63 3 46
80 40 974
88 44 376
17 4 550
77 31 27
24 86 42
85 10 851

98 400
60 69 893
71 80 42
55 95 61
86 25 38
82 48 51
51 90 96
92 17 825
13 48 869
8 65 1
19 61 24
84 92 573
76 14 232
26 90 73
1 40 622
43 69 363
84 65 51
94 72 249
53 19 15
8 72 278
58 64 1
81 43 217
41 4 307
79 96 310
32 2 50
60 61 51
16 32 949
60 78 83
64 75 20
28 67 123
75 95 91
44 7 653
52 10 94
15 75 817
69 42 928
70 56 664
81 42 221
52 5 484
64 44 293
64 68 35
11 23 889
19 44 58
18 70 442
25 8 87
19 2 439
37 15 23
40 9 98
6 93 654
54 79 953
67 83 395
38 14 29
63 89 819
87 56 586
93 85 969
67 33 66
44 61 181
31 76 376
7 38 39
93 56 900
75 41 61
24 65 827
3 67 932
54 37 76
76 2 469
90 11 593
72 97 953
91 94 128
20 39 300
31 78 147
49 71 421
48 36 842
12 22 917
94 24 373
95 79 593
22 91 434
95 7 439
98 4 43
86 59 710
38 95 773
50 6 55
8 26 336
5 87 372
50 93 917
52 46 85
87 70 94
29 28 5
54 4 22
86 8 6
85 89 8
55 38 398
13 91 2
85 87 70
32 81 386
97 82 37
26 71 94
43 22 99
73 15 364
56 89 334
59 24 31
88 10 76
82 45 888
46 77 877
57 33 604
91 97 47
20 64 55
12 42 345
87 93 18
12 66 550
71 23 251
14 7 129
78 69 4
78 35 557
3 40 78
95 4 609
61 35 558
25 26 144
59 36 218
30 47 152
66 69 696
19 76 79
9 67 238
20 68 295
31 19 44
21 35 59
24 8 225
58 7 53
35 32 883
71 11 59
57 27 933
63 10 323
43 13 373
8 94 87
33 27 67
16 43 57
4 15 909
50 62 894
43 12 687
24 48 12
33 83 795
40 67 431
44 76 23
50 70 527
53 76 936
26 65 119
13 22 514
91 12 74
79 73 83
46 10 9
50 28 751
27 40 26
63 5 67
62 56 599
9 3 60
80 88 323
16 47 408
18 57 796
25 51 551
48 45 936
52 80 979
74 56 577
33 29 95
66 30 673
63 52 724
13 82 482
51 34 38
34 72 14
9 83 96
61 31 407
40 33 906
86 65 584
19 21 348
21 31 2
23 26 863
92 71 486
45 97 166
92 80 38
21 39 526
48 72 52
83 1 834
74 50 505
39 53 487
45 43 836
74 18 176
45 94 984
22 45 233
68 95 420
23 51 119
89 93 78
65 59 46
36 97 777
82 24 146
90 92 54
15 98 275
88 63 914
85 52 670
61 20 757
67 70 961
79 37 591
31 14 69
91 43 344
1 3 592
16 22 749
16 60 233
52 77 946
22 81 622
2 35 90
63 93 137
36 72 41
65 51 375
9 27 6
68 44 201
26 59 551
55 68 476
37 98 210
77 62 106
89 5 971
55 58 74
92 11 106
30 32 340
71 52 789
81 30 17
67 57 368
27 83 168
45 66 327
77 88 558
28 70 2
82 94 71
78 2 814
25 34 379
16 78 654
73 95 247
31 35 25
47 2 895
42 30 22
28 56 609
85 62 167
9 29 232
82 72 406
41 73 91
51 59 606
41 79 159
14 19 235
77 63 46
57 56 743
43 30 58
97 94 46
61 21 729
68 53 845
72 24 63
42 43 93
11 52 333
96 98 499
23 17 93
86 90 154
60 2 786
18 62 935
13 94 917
89 50 83
69 47 254
64 95 73
39 35 336
49 51 34
80 90 114
30 22 557
34 65 650
40 29 106
10 17 230
90 17 42
20 19 648
66 13 876
91 66 830
68 58 193
96 4 353
68 41 743
72 65 824
6 89 466
95 58 90
50 57 154
62 5 223
11 49 89
60 21 611
55 73 124
41 37 79
18 56 48
49 23 38
28 6 638
12 48 52
71 10 580
54 73 727
29 70 669
29 3 571
22 66 15
38 58 653
92 49 91
10 80 840
14 68 819
23 90 81
16 81 46
36 65 951
59 25 58
7 64 88
1 9 970
41 64 379
71 88 498
28 27 454
64 38 4
31 60 693
10 5 128
45 42 692
88 85 958
72 59 892
87 50 746
63 46 268
49 26 868
12 82 536
77 87 427
79 58 717
31 32 337
49 17 541
51 8 980
31 39 650
55 4 95
25 24 358
38 20 529
47 31 859
48 94 80
21 32 189
36 82 628
2 39 293
84 23 87
25 84 133
38 44 666
35 60 988
62 63 912
88 5 522
11 88 224
30 78 771
20 7 1
26 92 766
75 55 183
55 64 502
34 48 860
14 20 77
98 54 972
18 28 822
3 27 936
69 16 91
86 23 3
39 61 10
15 96 12
49 84 947
42 91 752
10 77 519
36 8 342
28 57 40
47 35 78
95 44 90
46 5 317
22 69 723
59 34 219
27 70 330
27 74 298
93 62 13
36 25 445
57 29 734
75 58 697
80 46 933
30 60 145
73 58 288
20 44 91
9 33 929
39 44 963
89 77 480
4 79 34
38 68 66
89 87 40
88 17 18
74 57 8
34 97 676
10 93 75
6 87 135
6 57 117
87 18 395
75 37 420
37 73 960
36 24 63
32 78 36
35 19 312
93 18 277
14 39 503
10 85 169
6 70 45
33 74 213
35 76 642
37 4 232
91 48 51
61 14 547
46 88 87
84 59 8
1 27 98
6 62 73

98 400
29 32 258
50 1 339
37 68 71
36 94 133
27 48 497
89 31 576
77 49 161
89 92 387
88 31 13
24 87 444
94 91 44
77 67 212
74 19 30
49 41 991
47 59 783
11 47 706
1 49 79
34 73 224
79 10 251
62 69 11
11 59 82
75 86 406
43 13 8
25 52 42
73 15 697
94 56 523
33 22 763
55 24 297
14 55 290
87 18 11
11 26 92
72 9 584
37 60 911
26 34 268
10 5 594
9 34 544
70 98 385
51 22 715
97 19 693
20 95 722
45 49 903
76 93 798
3 20 129
12 31 531
54 32 613
17 89 440
4 89 744
82 92 219
52 93 354
13 33 752
80 74 903
37 28 585
91 36 517
8 38 81
27 67 584
38 39 192
21 55 19
20 84 818
38 22 825
52 90 332
7 59 26
87 57 812
79 56 709
16 43 415
32 91 629
67 20 793
44 58 908
83 49 84
64 93 191
63 10 185
18 81 95
41 84 526
56 85 67
57 55 450
87 90 51
56 36 25
61 46 665
47 68 31
2 93 809
2 45 22
53 66 272
12 97 557
22 94 572
21 29 272
39 46 926
33 18 158
24 90 21
26 59 398
6 47 27
65 1 987
3 1 739
84 27 978
97 42 297
97 53 549
69 47 74
8 16 33
34 74 716
50 48 67
82 70 978
65 20 252
80 53 54
30 41 58
15 85 393
71 73 844
94 39 300
95 27 571
19 58 98
24 54 135
30 76 544
23 48 842
96 36 82
94 75 247
81 54 205
96 61 9
34 7 867
86 18 608
85 28 281
67 35 820
72 73 874
56 63 525
82 17 60
35 48 978
81 22 97
80 7 266
30 25 640
29 93 781
7 71 93
64 24 29
69 5 108
18 22 78
57 54 141
69 59 230
67 3 95
1 27 22
28 5 78
74 40 846
60 39 443
53 31 411
35 30 464
41 50 985
7 88 5
88 19 679
16 64 752
8 96 582
65 41 372
69 34 909
30 2 429
46 10 450
92 44 215
32 33 583
73 28 884
49 23 25
87 32 195
86 13 944
59 74 311
94 61 822
64 81 327
77 50 326
92 12 282
6 71 450
51 56 534
37 5 475
95 77 253
63 28 63
3 27 124
63 37 228
58 89 207
31 40 70
36 51 778
18 8 748
77 65 524
83 2 48
14 41 59
26 44 30
91 13 975
30 95 49
70 53 617
47 34 487
76 57 194
83 76 228
14 45 249
9 15 580
12 11 681
44 31 520
8 61 278
44 80 442
60 61 666
62 63 551
27 50 277
62 5 118
72 6 587
71 69 505
71 9 735
2 57 497
22 86 155
19 31 167
38 37 41
20 50 776
48 25 998
56 91 40
14 2 634
12 58 139
15 59 24
69 6 30
51 39 142
55 30 730
17 92 1
7 68 904
28 9 810
80 19 622
15 68 98
91 38 23
26 71 178
44 88 268
32 18 76
19 40 95
3 77 896
18 51 66
86 81 448
16 86 843
32 64 594
32 86 249
76 24 897
61 79 213
21 52 59
82 66 873
74 88 985
58 78 893
56 46 63
83 45 757
75 51 718
53 17 693
87 13 270
62 28 49
95 23 170
52 87 19
16 87 99
89 70 396
16 54 267
22 43 463
85 63 879
93 87 853
8 75 983
76 21 988
51 96 533
45 90 810
27 49 156
33 16 34
62 72 774
87 64 77
70 58 81
18 43 808
84 77 246
6 15 300
40 82 34
83 55 744
23 30 753
11 74 7
33 93 92
53 58 435
17 98 946
49 20 103
5 79 21
83 52 618
66 42 819
24 29 887
59 6 962
69 72 43
94 18 227
4 42 517
29 81 723
68 26 833
54 13 174
81 93 90
40 78 365
88 26 109
12 66 38
68 6 772
5 68 62
53 4 807
9 7 26
39 8 49
10 15 793
72 85 640
1 84 388
64 76 27
87 81 395
97 82 328
68 9 361
78 88 488
51 61 153
57 52 627
11 97 62
91 16 104
49 25 174
48 20 491
34 6 518
31 78 663
37 46 492
41 3 122
62 10 100
3 50 1
90 23 242
29 57 113
76 90 197
32 43 54
35 49 170
63 96 552
64 21 332
90 25 298
15 62 674
26 40 318
42 70 13
23 67 358
36 33 890
48 77 381
75 22 7
95 90 62
2 24 500
69 15 72
58 42 899
80 78 855
11 44 925
35 83 163
62 79 430
41 67 455
89 97 365
11 19 428
73 5 984
68 10 24
97 78 359
38 75 46
80 34 53
85 46 735
95 41 373
31 82 647
37 15 298
60 56 998
52 14 182
76 14 825
35 90 629
38 32 37
8 22 686
35 14 836
89 66 328
25 95 610
86 36 170
41 48 904
68 73 765
36 43 449
81 43 55
68 74 109
73 11 23
26 19 23
45 30 606
47 88 993
5 85 57
21 54 323
56 8 639
76 67 90
57 64 490
29 13 149
44 97 622
92 19 672
39 79 626
38 18 459
85 60 298
40 7 288
98 66 645
79 37 148
42 17 347
62 46 624
71 74 679
69 68 948
4 98 924
33 75 974
43 57 1
7 15 49
42 92 182
44 40 121
35 95 555
52 13 41
9 5 736
53 92 338
95 45 642
48 45 707
6 5 392
80 47 338
72 10 589
80 26 657
65 27 38
87 21 389
96 94 329
46 96 81
86 8 97
52 30 275
11 78 473
71 47 91
51 32 70
21 2 357

98 400
22 93 62
85 97 2
1 87 67
2 55 93
14 17 22
9 36 46
75 15 53
20 59 15
10 73 45
11 96 67
80 32 98
28 72 21
26 33 72
51 98 49
98 27 33
14 37 30
34 46 24
3 73 85
36 28 46
40 89 88
35 77 36
68 35 73
61 5 1
83 3 26
64 25 92
65 21 70
29 17 6
93 62 18
19 94 90
11 56 82
83 25 8
75 54 39
44 84 99
97 95 39
5 40 66
74 21 17
29 43 92
70 91 57
93 41 34
83 49 23
40 8 22
62 27 31
92 58 12
79 62 3
63 39 90
52 76 32
74 54 98
40 85 24
97 61 34
82 12 96
35 3 83
40 97 8
16 48 19
57 31 25
7 3 68
44 60 69
89 61 28
20 57 62
43 60 26
33 81 44
74 90 46
78 46 72
30 54 60
92 22 27
33 53 61
3 50 39
26 15 90
78 59 43
7 31 75
75 85 11
58 37 99
94 63 58
10 57 42
36 42 95
88 44 4
35 63 52
49 66 5
83 77 84
8 67 84
86 81 26
76 79 64
33 84 62
79 80 46
9 37 6
82 25 8
19 64 80
44 62 53
43 80 55
94 61 26
44 29 64
7 10 75
28 54 100
53 93 55
20 73 3
45 9 20
76 93 5
13 94 14
56 50 92
95 16 63
26 6 49
69 26 5
61 85 15
89 48 3
12 59 92
42 37 74
11 3 88
86 74 22
91 31 1
36 88 73
41 43 82
29 69 59
55 32 33
35 78 90
13 85 34
54 65 61
40 71 73
30 8 84
90 23 23
72 42 22
67 85 53
64 63 87
70 57 70
67 71 66
21 58 31
46 12 76
29 2 13
77 91 71
73 31 38
73 77 93
45 62 53
93 14 99
26 18 21
94 78 56
78 83 68
71 74 96
19 59 72
19 39 4
88 15 9
22 45 34
29 45 67
64 48 14
73 4 97
53 69 33
42 86 42
46 25 14
42 69 3
29 93 55
34 78 10
58 54 80
31 50 40
50 20 52
36 53 96
39 25 25
5 25 44
5 19 63
86 88 74
18 30 90
91 34 26
65 18 61
36 29 27
54 38 31
68 91 16
74 15 21
5 23 57
41 2 36
41 32 10
44 53 6
55 93 9
15 58 2
81 69 46
21 38 40
16 38 84
60 93 24
88 92 47
19 63 5
7 70 63
36 26 100
93 84 59
65 85 52
41 47 100
7 77 81
46 3 36
63 5 43
91 56 89
71 48 97
60 32 2
67 21 45
94 95 80
74 16 50
75 86 79
31 1 46
4 82 91
72 74 17
50 96 46
72 65 77
6 29 65
13 97 23
34 50 63
11 70 52
47 55 93
23 85 99
63 97 31
82 68 3
51 60 29
26 37 50
12 5 42
49 82 66
29 33 40
86 65 87
84 2 30
96 7 73
40 94 99
88 21 83
7 68 95
14 33 33
23 89 77
89 95 48
68 46 61
79 41 88
56 1 61
4 57 7
68 57 32
33 58 46
6 14 29
33 42 88
39 3 97
3 56 10
80 44 46
36 22 61
77 39 85
68 39 7
12 64 20
24 48 95
1 96 25
68 11 17
18 38 82
14 44 63
13 24 52
50 77 60
41 51 81
53 43 44
30 15 79
60 52 94
97 19 29
97 49 13
30 21 41
84 17 23
90 65 93
4 46 24
98 79 10
73 70 87
32 98 84
20 83 84
60 79 100
50 10 26
88 69 33
21 28 60
34 73 27
72 81 74
10 1 62
23 64 2
14 36 36
9 93 28
86 26 52
38 15 55
66 95 14
90 75 94
3 82 34
78 39 34
76 17 49
64 71 1
92 42 92
40 24 13
90 38 7
95 74 7
86 67 94
38 71 9
84 92 89
89 74 44
54 42 47
9 2 99
45 80 65
13 8 40
40 90 74
8 95 86
75 71 58
85 30 3
49 94 84
41 45 65
97 78 68
53 6 99
34 68 4
43 9 19
52 98 66
33 28 67
30 16 16
27 80 36
30 89 87
38 72 76
48 85 83
92 9 67
71 13 25
44 41 2
98 47 18
71 23 26
47 80 77
58 69 82
76 45 72
49 35 79
24 12 15
57 56 86
22 33 59
50 87 7
17 22 8
23 24 63
87 91 62
16 40 25
90 13 26
36 81 11
68 83 62
72 88 35
88 6 14
50 70 71
78 66 72
76 32 89
85 74 81
66 12 72
66 25 36
20 35 84
84 43 79
20 7 100
3 57 82
2 60 34
95 90 100
7 87 18
67 89 88
18 58 74
28 18 55
19 82 43
96 73 77
78 24 91
12 94 10
49 39 36
19 46 80
2 53 13
65 15 38
92 81 73
9 17 47
27 76 84
17 53 11
62 2 32
70 1 22
54 26 15
83 63 72
41 17 43
26 72 57
86 58 24
37 81 82
91 4 23
57 87 66
67 72 3
66 19 91
81 54 82
20 82 8
41 27 94
28 15 24
73 56 18
84 36 89
24 95 78
86 30 46
3 59 70
39 20 71
8 48 33
75 18 4
48 66 54
67 18 35
84 45 93
12 39 41
38 8 25
73 68 40
87 11 33
92 28 49
66 63 43
68 50 52
75 21 85
4 83 30
45 60 40
64 61 97
18 81 20
52 80 47
4 35 94
91 3 71
59 34 31
75 89 46
45 14 61
58 6 23
55 43 78
24 25 74
67 54 92
61 24 11

97 400
72 20 58
34 21 19
32 37 47
18 78 39
60 88 3
41 78 60
19 56 47
92 57 43
65 78 62
22 95 99
11 69 62
25 5 52
53 37 63
46 64 16
20 34 57
48 67 64
18 6 69
17 28 19
21 36 35
2 93 98
85 72 58
56 18 37
92 52 63
14 65 32
30 62 60
66 14 5
57 89 96
92 60 10
5 63 22
17 50 31
86 48 63
25 11 80
84 83 89
22 7 51
45 38 82
51 67 92
58 92 91
83 67 48
18 5 69
54 16 54
83 63 20
87 1 42
81 10 1
79 21 63
47 43 24
90 33 15
36 94 72
46 19 42
30 58 86
30 54 65
6 67 47
51 1 3
8 18 26
40 50 34
89 32 62
70 89 9
44 72 85
56 9 24
43 19 40
27 21 25
17 79 45
72 13 4
9 8 11
49 86 66
90 93 79
40 36 71
86 87 36
91 96 91
88 31 31
7 12 67
21 28 97
78 63 46
14 19 31
69 25 7
73 58 64
16 32 70
61 39 97
27 50 5
62 23 83
10 7 67
24 30 20
12 95 22
75 8 35
4 89 96
39 68 36
25 51 6
8 67 59
2 21 75
62 47 84
55 23 87
48 1 22
7 38 45
83 18 59
52 57 9
19 78 6
62 46 9
23 82 63
81 44 21
28 39 73
6 15 26
45 10 43
62 64 100
5 67 76
16 52 41
94 28 35
2 17 71
74 34 100
78 64 29
43 65 71
60 89 34
61 3 96
13 40 23
23 24 27
3 39 4
97 12 31
4 31 6
93 13 32
59 53 35
53 16 60
13 74 85
47 96 87
7 20 23
60 59 41
4 27 87
50 21 26
81 38 4
3 59 32
27 39 19
35 53 51
93 50 83
53 92 86
7 44 33
64 82 13
74 2 75
51 75 38
38 97 41
79 22 3
76 65 95
25 87 25
58 16 72
89 33 95
61 31 2
41 76 58
40 79 13
34 93 90
68 88 18
78 15 86
84 78 35
88 61 75
69 87 26
2 22 85
56 84 67
32 31 15
49 63 2
47 14 36
30 19 3
51 69 53
3 35 57
16 57 34
70 35 86
33 61 59
44 13 73
46 41 80
62 56 10
92 55 98
52 23 13
80 24 6
91 14 64
27 70 3
68 40 93
79 10 6
26 41 88
88 89 52
79 44 39
70 28 84
59 32 77
91 80 6
18 43 41
14 23 4
9 49 57
91 24 35
55 77 43
94 90 28
25 49 60
46 80 76
57 73 9
28 40 83
46 65 77
85 81 40
15 67 8
72 74 1
70 37 41
54 91 90
75 48 73
17 34 78
15 76 83
23 58 15
85 97 100
55 16 71
27 33 73
36 17 3
35 88 3
81 20 78
6 69 41
34 44 98
70 36 26
39 89 8
22 38 4
33 28 90
86 83 52
96 66 72
40 90 68
64 43 98
59 54 65
81 12 97
54 23 53
37 39 30
21 90 96
54 73 51
68 70 16
24 16 96
27 93 55
14 30 80
17 90 99
59 24 91
86 8 27
69 5 99
19 82 62
90 39 81
61 4 47
52 66 40
33 31 32
63 26 43
10 50 37
54 92 3
3 73 5
58 91 75
67 11 7
80 62 77
79 20 98
94 2 25
61 57 22
30 96 25
91 82 9
6 25 85
6 86 59
80 58 98
32 73 94
10 2 95
13 94 100
83 9 16
50 74 89
72 29 4
75 49 12
25 8 87
48 25 2
32 92 60
19 26 8
67 71 66
20 2 47
36 39 13
59 55 95
28 88 45
24 77 85
63 43 6
42 45 60
63 6 14
44 2 15
46 23 5
84 26 91
71 75 89
5 75 66
11 86 44
18 76 50
59 77 8
91 52 40
88 27 96
89 3 81
12 72 30
52 73 30
37 4 8
94 79 61
17 27 9
41 56 78
62 19 31
7 85 86
14 64 30
3 37 99
22 72 88
63 76 45
36 88 12
32 77 67
22 42 1
20 50 54
36 93 87
67 49 15
55 73 39
5 9 1
66 54 13
90 88 8
84 49 94
11 8 1
95 20 84
53 61 22
49 69 67
54 77 48
13 21 55
50 44 84
80 82 83
1 71 32
8 15 10
81 42 12
75 87 77
10 34 98
61 70 46
87 67 36
56 15 26
4 68 19
30 55 90
93 79 10
29 97 47
15 26 97
47 46 52
65 56 22
38 95 83
22 34 75
47 56 39
15 49 35
55 80 48
42 97 100
73 60 73
61 32 96
77 52 97
26 64 97
65 96 26
35 61 9
45 12 97
44 45 9
83 69 50
94 50 69
77 53 7
61 60 98
19 76 13
43 15 48
71 69 73
29 45 80
46 66 48
30 82 8
15 83 6
27 40 82
94 27 58
7 79 3
63 56 93
16 60 86
30 52 79
83 25 12
96 19 54
37 57 38
70 31 31
37 60 2
30 46 94
8 84 6
81 79 7
45 85 27
73 53 83
9 26 52
95 44 20
36 4 38
74 79 96
72 38 15
5 86 45
75 83 43
53 31 42
24 54 7
66 82 6
42 7 77
14 80 45
77 57 59
31 39 51
39 35 75
13 20 38
55 66 72
11 75 22
52 59 64
64 56 6
9 43 96
37 33 88
4 28 38
13 10 100
11 1 17
35 32 55
95 42 87
17 13 33
2 40 68
58 77 63
47 82 67
93 28 23
4 90 71
4 35 68
24 73 18

98 400
66 88 28
39 55 78
42 16 21
16 84 80
49 27 39
29 43 99
14 65 43
63 75 9
50 17 21
98 77 44
55 56 8
89 59 87
34 89 55
26 1 55
10 25 7
68 31 53
70 30 85
83 40 3
54 38 59
82 11 2
64 26 10
91 95 9
10 79 65
57 4 9
98 28 44
11 68 37
17 2 7
34 67 61
47 35 2
20 25 59
64 8 15
95 82 10
8 92 9
31 15 97
65 17 5
75 86 44
79 26 83
11 55 38
64 60 91
74 70 84
82 39 84
67 32 1
92 46 8
33 50 40
19 78 86
8 79 97
76 67 43
77 42 79
85 24 8
78 48 10
76 5 30
29 69 67
10 3 95
83 80 62
10 35 28
19 18 55
80 84 78
45 62 3
9 5 14
37 14 53
6 64 43
67 56 97
9 13 4
90 31 98
46 18 31
85 76 43
75 71 3
63 53 38
6 73 88
71 89 75
70 46 91
91 90 45
95 39 42
45 13 60
23 84 14
40 29 8
65 55 53
20 97 70
51 98 29
62 76 5
73 87 65
2 43 55
75 37 45
36 59 9
12 21 51
59 33 11
97 44 44
36 32 30
1 8 30
71 27 68
97 91 59
59 13 36
30 60 17
12 86 17
21 50 6
64 58 79
96 26 4
76 9 1
65 13 97
35 87 52
20 82 26
93 44 65
59 55 76
78 30 76
25 70 41
57 68 94
34 15 7
51 42 1
19 26 43
85 67 9
59 66 77
50 16 26
27 83 70
81 2 43
1 87 55
92 19 27
51 29 86
50 27 43
24 22 79
64 96 12
98 52 45
80 49 100
15 65 27
10 48 68
41 98 2
63 28 93
24 13 47
91 22 8
63 41 92
97 70 64
67 31 33
44 25 76
87 64 2
34 12 89
10 68 56
15 45 24
11 85 64
10 70 3
73 20 12
88 16 78
56 82 24
93 11 83
11 97 5
92 35 4
53 98 19
72 38 5
34 5 36
13 61 22
69 94 9
30 4 70
25 22 5
47 46 75
42 27 67
24 3 63
39 90 98
14 45 82
29 80 62
45 5 47
54 41 55
56 85 21
83 69 60
55 36 4
7 41 46
27 37 43
89 86 42
25 39 55
43 86 53
3 56 64
64 20 36
47 19 19
49 69 50
53 29 30
73 18 98
24 74 52
50 40 2
25 32 38
23 37 54
23 50 90
4 82 93
50 14 16
36 56 6
28 49 90
92 73 100
10 47 8
95 44 12
49 38 35
93 34 60
14 62 53
12 71 37
49 94 30
75 21 64
95 57 63
60 8 7
88 80 73
35 70 87
16 21 31
17 37 5
42 43 44
93 13 2
30 8 40
61 89 4
62 89 8
20 35 96
45 55 24
49 77 99
62 13 4
95 4 83
61 15 60
18 1 96
9 17 79
42 40 12
60 79 46
14 61 91
90 11 47
85 9 12
68 56 9
17 62 25
39 61 3
70 95 13
19 70 71
41 72 66
34 90 56
62 5 55
21 5 25
89 23 4
56 74 24
75 88 96
58 25 33
36 11 72
44 32 2
21 33 45
12 37 13
57 22 46
5 88 53
70 82 46
66 2 76
19 6 94
51 72 15
45 90 66
84 40 26
1 78 52
82 10 1
71 38 80
13 34 37
54 16 66
30 26 70
50 89 53
12 88 13
44 67 26
81 72 17
85 39 16
82 32 5
47 97 59
44 68 34
94 83 79
77 29 83
23 45 20
19 20 76
11 67 86
91 32 3
35 18 84
95 10 7
93 91 7
36 34 80
36 44 7
44 3 72
91 74 53
83 53 45
58 3 27
60 1 86
81 49 6
34 33 20
10 19 47
53 54 33
79 58 82
14 71 78
62 85 10
34 55 78
88 40 36
17 34 9
10 64 6
49 16 44
80 37 13
38 84 10
11 15 73
75 81 10
11 22 77
53 7 8
17 21 89
56 11 5
43 7 3
56 95 48
45 93 55
90 9 96
43 88 99
69 52 8
73 70 89
76 66 29
57 25 25
67 61 11
39 67 91
37 66 32
38 7 72
3 70 33
65 33 5
17 71 74
7 69 30
38 50 13
43 21 64
68 39 10
30 18 10
82 31 43
56 39 8
94 29 75
23 61 15
84 89 21
34 66 77
7 94 36
80 75 3
21 27 26
47 25 37
47 73 1
6 74 82
3 39 15
9 89 56
40 21 36
5 50 19
5 71 75
69 63 27
13 11 22
49 52 20
37 81 33
96 19 91
5 2 44
4 35 41
92 1 57
7 28 8
9 33 27
67 13 9
12 50 67
31 74 3
69 42 90
64 18 26
35 96 68
96 1 96
75 83 98
24 90 37
4 64 6
13 56 59
89 88 41
22 6 41
76 33 96
79 70 47
75 7 60
49 40 75
48 20 1
14 21 94
84 75 95
94 54 74
25 56 41
45 85 55
40 72 25
40 2 8
86 81 11
44 74 62
91 15 36
8 73 63
7 80 35
89 76 11
43 49 46
48 92 1
36 45 9
58 74 93
68 4 19
24 55 9
96 30 5
39 15 64
43 37 5
29 16 55
81 54 2
88 17 96
2 89 27
87 79 49
19 60 48
58 46 84
64 57 1
79 96 34
68 58 40
94 98 90
63 80 55
32 85 62
33 40 7
51 83 90
28 42 17
30 10 45
61 12 20
93 9 4
69 98 21
68 22 1
3 57 62

92 400
64 19 93
59 78 78
30 73 1
92 21 42
32 31 3
38 4 26
18 64 30
40 61 8
44 50 67
74 54 81
66 86 95
11 59 4
32 53 10
62 21 6
1 70 13
84 19 10
79 76 7
90 37 78
64 10 53
40 74 16
89 80 64
8 26 6
83 90 28
70 39 92
78 62 8
51 12 65
3 78 38
85 2 20
26 23 28
61 59 2
48 5 54
67 12 60
60 75 43
59 25 39
89 54 3
33 60 94
7 62 14
28 39 88
3 10 7
21 9 24
12 68 87
71 80 86
52 60 10
81 62 2
19 72 3
54 61 55
59 87 81
69 17 12
56 67 85
88 33 3
79 88 58
54 25 4
81 80 58
12 19 84
33 63 67
55 59 46
81 92 42
29 44 67
28 63 43
22 88 29
28 4 91
15 58 25
83 19 86
23 60 4
5 80 3
45 70 4
73 2 69
89 5 45
55 16 91
58 71 9
23 52 44
58 48 23
4 35 95
58 42 52
3 80 52
29 67 25
50 86 37
70 85 6
84 68 56
44 28 71
66 67 80
18 26 34
40 58 75
45 22 5
69 8 39
67 49 8
19 50 90
62 58 7
75 4 50
30 22 56
45 34 26
85 26 6
87 3 43
72 32 19
62 16 89
62 48 7
59 9 4
41 49 8
54 68 66
88 60 69
17 32 44
86 36 85
22 4 7
39 24 5
17 37 73
5 59 62
69 75 6
65 63 97
85 45 26
52 34 89
42 5 73
74 55 3
18 12 96
27 23 38
17 28 91
57 78 73
26 13 89
15 87 95
78 71 69
54 42 10
25 83 27
61 50 11
26 46 74
1 91 44
9 40 44
30 34 6
5 77 19
55 82 44
46 70 37
57 92 32
16 92 49
72 29 73
4 30 21
6 25 43
11 74 7
64 53 26
75 22 93
5 21 34
55 84 65
18 37 46
46 76 83
41 19 6
64 61 74
34 38 15
85 76 12
61 3 10
43 88 10
46 91 65
50 67 83
17 50 54
47 63 63
69 34 1
31 11 19
46 38 57
88 1 68
77 10 37
15 55 72
65 73 100
77 72 1
28 24 10
8 64 95
77 87 63
5 7 77
66 13 56
9 15 55
11 20 37
31 77 7
42 3 1
83 72 4
20 40 7
51 30 39
56 14 5
49 2 1
21 6 1
59 74 65
58 74 6
60 26 36
74 42 70
12 49 44
33 34 3
78 81 3
27 85 44
65 44 32
5 40 88
3 25 7
12 37 10
66 61 47
78 48 67
22 2 17
63 2 100
68 64 3
9 6 82
52 44 45
19 66 79
41 31 5
16 87 44
18 69 28
91 4 1
82 92 93
17 30 34
55 71 11
78 9 1
36 8 96
14 59 61
31 40 9
74 16 86
77 20 2
29 68 75
12 53 64
67 24 25
74 5 2
83 80 50
78 11 5
67 75 88
73 12 69
46 88 83
7 74 47
50 72 66
51 36 61
46 27 57
86 3 5
44 64 74
76 1 47
19 14 1
60 70 45
30 60 64
36 14 55
23 38 50
79 33 81
91 79 97
39 2 5
35 63 24
17 56 18
29 12 9
86 77 26
56 31 60
66 18 87
86 56 74
58 82 30
20 29 100
5 62 2
62 89 90
88 27 4
78 87 2
16 5 10
19 61 9
26 4 73
35 34 37
65 13 49
34 65 26
48 92 7
74 83 10
72 41 73
30 13 94
26 39 98
19 56 93
23 28 4
85 24 25
49 26 1
24 46 84
13 41 33
14 11 72
17 49 4
90 14 2
86 84 25
73 52 19
90 64 72
63 76 19
79 35 41
79 70 36
60 27 85
19 32 9
56 72 2
52 13 52
56 8 84
52 85 17
40 55 18
11 62 87
66 68 30
40 25 37
54 14 57
60 69 48
60 28 17
92 7 18
35 1 26
55 77 22
80 21 48
51 29 91
29 49 44
73 38 22
44 56 36
22 35 8
59 62 78
92 15 28
86 29 69
28 85 32
34 47 60
31 89 22
89 9 41
44 18 4
40 90 3
20 54 47
42 19 75
50 10 57
9 7 25
27 1 30
44 12 59
77 59 1
92 6 56
78 84 40
23 22 3
57 5 8
57 55 1
17 2 14
52 4 100
42 31 98
83 20 98
24 73 1
62 83 73
89 68 79
50 53 75
52 63 53
55 11 46
72 11 80
71 92 36
74 82 7
11 80 32
51 69 27
6 80 85
76 4 21
68 3 79
66 14 13
52 67 48
9 84 34
89 40 1
13 69 34
75 53 7
10 83 4
75 49 40
67 2 47
38 63 59
32 14 16
25 11 91
2 8 4
60 4 4
75 44 57
87 48 90
10 59 63
65 85 54
13 29 2
41 86 3
49 37 4
7 78 9
51 26 7
15 57 6
69 79 34
24 60 82
89 90 20
6 78 71
78 54 62
10 86 7
25 48 94
74 6 21
63 88 92
48 74 82
51 8 6
4 33 52
18 28 1
83 31 36
17 24 9
51 37 68
28 13 27
23 33 10
55 54 66
1 33 56
64 14 18
47 1 31
86 40 63
73 41 57
49 66 48
57 87 59
18 56 32
52 79 15
44 36 89
30 67 15
68 41 28
80 84 43
46 79 4
11 86 42
53 69 75
83 14 62
37 86 18
57 9 45
45 1 62
16 80 83
56 61 55
37 61 37
39 88 26
6 87 94
1 43 71

100 400
28 32 13
68 24 49
14 59 28
12 82 9
65 9 9
57 81 1
4 58 49
37 54 32
34 6 85
25 42 75
63 44 42
45 89 67
77 15 83
29 80 8
16 95 4
17 27 50
60 82 83
80 51 2
32 100 28
5 51 5
28 94 3
30 48 78
80 35 1
25 65 84
78 91 89
100 91 14
3 47 71
44 21 36
10 67 63
22 82 2
39 93 1
81 2 6
34 78 9
99 44 1
61 40 6
19 69 2
81 74 18
61 89 17
89 42 4
10 55 62
29 12 100
69 36 7
48 40 26
54 77 5
27 43 10
87 42 6
94 7 35
58 70 4
53 93 13
6 82 10
30 98 7
16 57 2
45 23 80
36 93 4
53 12 46
98 1 15
43 8 19
90 100 3
34 13 83
32 7 8
42 77 5
80 82 52
66 14 28
26 78 6
39 67 84
47 63 60
72 64 40
52 78 30
39 52 97
48 25 3
41 70 91
84 37 1
73 28 26
54 30 8
66 99 8
92 34 75
16 21 40
32 78 66
25 87 65
57 27 31
41 19 89
27 54 35
83 3 13
47 23 4
33 16 1
44 96 3
66 38 2
68 4 4
77 87 4
26 13 38
39 34 28
59 63 6
86 91 55
20 97 92
92 88 44
37 8 9
58 68 44
12 51 10
20 44 1
10 69 2
37 16 3
84 17 10
69 82 8
75 29 1
38 27 27
11 73 83
23 44 3
97 58 4
19 18 46
21 38 72
83 24 85
22 41 10
9 30 10
50 81 44
91 94 2
41 82 29
43 62 6
74 2 8
76 74 55
97 60 1
57 66 24
9 98 33
88 94 2
34 94 8
21 95 4
62 76 85
2 16 65
23 24 23
13 72 2
99 70 40
23 63 10
97 10 6
62 17 8
16 66 20
30 1 66
84 74 10
86 26 3
85 58 5
94 32 1
47 66 54
93 22 10
94 52 8
49 73 46
76 30 3
87 1 11
98 25 90
7 11 50
61 43 43
77 43 6
79 60 8
15 84 6
74 25 3
46 32 9
56 18 61
36 44 47
37 23 75
72 52 74
71 3 7
78 7 4
30 61 7
56 69 57
54 8 2
74 42 8
6 56 7
61 65 22
11 75 3
23 50 16
83 59 69
30 65 4
85 71 84
42 62 2
97 44 88
38 33 6
1 25 4
92 90 28
17 43 1
19 35 14
99 59 82
68 99 4
19 93 1
14 24 1
94 26 84
19 29 7
34 49 56
19 80 10
79 99 1
22 19 6
31 39 4
23 66 3
43 89 3
86 75 10
49 88 61
13 51 3
84 62 80
87 74 6
39 26 98
49 52 5
19 67 10
83 27 89
96 3 7
50 15 27
47 24 4
53 64 92
9 84 71
78 90 34
58 99 98
56 10 57
93 80 4
12 80 21
69 97 100
80 86 2
91 49 9
54 50 7
85 56 5
43 2 55
53 58 94
64 69 1
33 81 9
40 1 3
26 92 23
95 23 37
47 16 5
19 12 2
78 92 1
65 48 37
94 46 1
61 48 4
70 36 1
7 86 10
52 26 7
26 34 6
11 90 18
62 87 43
63 38 3
73 100 19
2 54 3
8 81 66
48 76 87
64 6 9
45 33 7
27 23 7
74 54 92
89 37 83
88 28 8
89 17 7
55 60 8
78 86 3
85 53 6
76 77 8
59 3 9
25 54 7
3 23 52
29 13 3
63 16 62
63 71 73
61 25 2
81 54 2
6 26 79
20 95 4
21 99 91
100 88 80
56 72 70
99 4 1
60 36 5
55 21 1
2 45 6
71 96 3
35 82 5
37 45 9
40 98 7
17 9 87
42 65 7
83 81 3
65 1 42
9 61 6
79 44 61
33 43 95
27 45 6
61 42 4
6 39 5
15 33 85
43 54 10
3 20 52
65 77 1
38 2 44
95 3 1
35 56 6
50 45 10
97 41 49
38 37 1
11 34 9
96 24 91
51 75 9
17 50 9
72 39 7
66 71 73
97 79 2
10 36 1
85 18 93
96 4 8
8 23 90
22 20 1
96 70 95
100 7 48
5 86 86
46 100 34
75 94 11
97 4 99
21 23 8
71 55 7
13 93 10
16 8 70
42 48 2
87 30 6
45 81 7
83 2 45
70 10 8
44 85 85
97 53 5
36 97 4
47 44 2
64 60 86
47 2 31
92 6 1
37 33 9
90 28 5
62 65 5
29 26 87
41 10 6
55 68 3
33 17 9
47 59 4
93 10 42
25 76 71
94 31 36
36 41 5
33 89 3
86 90 4
6 75 9
53 29 7
57 95 29
1 76 41
14 63 8
36 4 74
75 39 7
52 86 4
88 86 9
28 5 36
82 18 43
41 60 6
71 36 37
49 31 3
36 22 26
13 12 9
71 70 8
7 73 8
51 92 53
51 72 58
49 5 9
81 61 5
70 4 1
15 45 1
88 78 9
18 22 2
8 38 19
81 37 60
19 39 18
5 80 9
68 85 4
7 92 85
51 6 33
38 50 84
29 34 8
59 20 47
35 51 48
85 22 22
60 58 97
74 9 4
67 69 14
3 44 1
95 44 90
35 67 9
52 13 4
82 10 69
15 17 5
90 94 3
68 63 10
19 72 77
56 13 5
39 56 5
71 44 5
42 1 92
9 33 7
49 51 73
95 99 88
71 79 2
5 26 10
4 24 4
68 21 10
75 80 19

98 400
37 26 10
50 89 73
98 54 33
24 92 85
59 3 78
32 17 48
49 6 72
61 91 33
6 21 9
45 54 38
62 94 56
58 23 43
49 93 31
24 47 75
12 32 2
39 37 99
68 5 83
20 1 57
78 45 65
21 97 93
2 28 40
39 65 9
43 82 48
63 21 23
64 40 1
86 18 8
23 83 32
47 69 39
61 74 78
65 27 58
80 19 10
46 63 44
17 73 86
63 75 35
12 65 24
43 60 15
34 72 8
6 93 4
20 18 63
11 80 7
69 11 54
73 67 74
15 57 60
27 72 11
9 8 30
7 80 18
79 50 49
16 80 77
90 42 12
38 37 2
8 50 76
72 26 6
89 53 90
53 14 41
33 84 21
41 9 70
64 8 13
2 5 56
47 58 85
80 89 16
25 4 6
13 22 3
47 52 2
48 90 77
32 77 64
86 47 3
87 24 70
3 74 19
40 28 63
29 49 78
73 56 78
94 83 40
15 29 21
60 98 57
11 74 7
5 33 72
11 14 95
63 72 45
36 29 85
48 36 25
91 3 47
18 7 94
84 67 74
4 53 24
55 23 36
81 19 10
66 98 70
89 11 15
77 15 19
65 45 89
42 82 61
32 67 85
19 50 48
38 5 58
29 57 4
4 28 98
70 79 58
51 33 54
5 46 10
66 39 22
10 85 36
56 67 8
79 9 51
10 59 96
1 44 75
37 17 58
67 66 81
47 7 56
96 57 2
42 72 85
13 56 23
22 5 52
58 1 35
74 52 25
8 59 27
71 39 60
87 19 34
15 2 83
2 36 42
49 8 68
65 60 6
9 14 99
54 43 42
78 12 17
55 1 28
29 46 25
67 65 48
35 76 14
78 56 46
92 40 35
33 76 62
53 40 29
77 76 32
15 68 58
95 1 30
14 41 2
81 83 56
46 97 8
23 95 74
70 3 61
44 47 96
90 22 80
77 72 34
24 52 10
53 64 7
17 82 95
10 74 76
93 90 31
82 68 7
25 93 58
37 33 22
13 42 52
8 70 67
63 76 58
30 24 18
77 46 96
54 39 66
25 35 27
25 6 80
5 57 74
61 80 7
26 45 26
17 13 69
13 39 64
77 75 93
11 79 10
85 79 3
27 34 29
98 71 53
64 19 54
30 20 1
13 67 79
80 79 64
36 77 29
76 48 88
88 62 72
79 28 59
18 83 41
73 45 5
95 94 88
19 47 90
10 11 60
19 88 18
13 27 65
93 51 45
81 55 15
60 39 5
76 68 54
97 37 66
38 46 7
83 44 1
59 19 10
42 51 41
17 26 30
8 11 34
10 96 93
38 15 70
72 33 41
10 79 6
73 12 89
53 69 39
69 23 6
47 31 37
11 16 21
10 25 74
54 67 86
73 98 100
8 91 42
2 91 41
21 42 90
9 2 27
45 13 27
29 21 17
9 4 24
89 47 48
76 29 11
89 81 59
63 26 18
1 83 15
92 52 43
36 38 33
41 91 66
21 41 83
62 87 31
74 24 86
23 44 85
62 1 78
64 14 22
27 73 6
8 28 22
88 55 30
89 52 2
37 77 7
29 51 1
90 21 6
31 88 23
58 95 5
85 35 50
76 2 55
84 42 2
4 70 70
14 49 72
28 3 22
15 48 84
70 35 44
94 55 73
79 53 87
19 74 99
59 79 13
80 92 5
47 95 60
54 27 3
65 34 5
70 93 5
35 36 64
14 85 6
33 26 46
19 94 54
43 73 93
74 14 30
30 16 92
64 10 54
56 37 6
7 64 48
4 85 40
68 13 59
51 77 84
50 16 35
14 3 6
49 40 36
67 71 5
68 22 6
98 65 50
96 8 24
43 26 25
96 29 30
86 88 51
83 87 64
9 48 76
97 63 1
21 35 6
11 40 4
23 16 1
25 79 21
17 66 80
25 57 22
12 71 79
25 48 12
21 38 16
39 26 75
43 71 98
85 40 79
6 5 22
15 6 35
89 30 63
93 21 100
18 31 45
52 81 6
45 82 98
93 76 76
91 6 90
80 24 4
16 87 10
4 50 10
34 98 78
74 40 94
82 38 9
37 45 2
42 75 24
96 9 10
71 17 8
58 81 38
61 53 83
33 13 10
74 92 1
51 6 2
4 59 90
51 35 88
26 68 32
34 39 6
21 2 56
15 33 75
85 6 7
1 86 93
69 64 92
92 3 6
2 25 5
7 53 38
87 69 48
80 8 63
22 15 30
72 13 9
61 64 71
3 64 96
37 22 57
23 30 8
96 3 26
31 74 97
42 5 33
92 7 71
56 82 41
16 64 57
6 28 49
59 7 38
93 36 52
75 39 64
4 11 36
28 35 91
64 50 6
91 79 14
8 74 43
61 9 75
25 14 38
39 82 55
46 68 63
9 51 5
70 14 11
26 38 36
80 3 45
14 80 47
2 49 90
30 69 4
15 93 37
17 34 93
95 81 83
97 5 79
77 84 4
33 75 39
41 28 61
65 56 59
32 68 15
49 48 95
10 28 86
95 88 51
60 27 86
16 18 97
17 60 74
9 29 3
91 74 9
62 18 74
74 79 19
20 81 44
64 74 2
46 2 57
57 49 94
17 65 83
53 24 65
9 93 95
94 16 5
43 13 71
21 57 49
30 31 51
50 7 8
28 61 24
24 18 55
82 22 37
58 18 9
21 68 9
78 98 61
28 57 53

92 400
8 25 24
26 84 58
23 63 25
80 67 9
46 3 61
92 44 86
39 44 2
61 40 10
11 29 56
90 26 80
92 85 93
47 67 93
90 3 8
52 36 98
60 88 25
38 78 63
92 51 15
60 45 22
36 67 3
68 38 4
45 35 7
42 58 17
69 36 5
90 48 88
58 47 26
56 41 93
66 2 2
31 63 21
80 12 12
69 68 7
60 2 7
42 36 48
55 76 94
56 17 24
58 92 80
26 89 3
45 63 6
30 67 34
43 75 2
3 11 10
64 37 39
26 20 5
28 9 36
64 24 9
34 91 3
69 63 35
17 86 35
42 70 9
4 48 10
3 41 74
59 18 43
31 82 7
47 64 66
86 71 47
69 66 4
13 74 29
20 55 86
30 31 2
3 62 7
69 42 65
3 56 4
88 3 40
21 58 6
69 35 4
81 70 22
8 54 10
16 26 1
58 81 8
16 56 68
27 84 42
80 52 37
10 2 31
60 90 6
23 22 85
45 29 32
56 20 8
25 78 15
42 8 38
83 21 60
62 53 9
79 1 54
31 7 6
12 22 8
83 92 74
77 46 53
3 5 44
86 41 6
85 54 6
44 30 6
36 81 95
51 52 30
15 90 5
72 68 83
60 63 74
13 38 75
62 34 49
55 14 45
85 70 6
88 77 95
22 67 30
13 45 33
55 75 3
87 88 9
78 37 41
49 75 5
20 62 75
20 41 36
6 13 6
89 20 10
76 18 5
11 56 70
86 89 60
43 33 78
19 16 6
64 30 36
83 51 4
15 9 59
72 80 79
34 76 1
69 21 23
18 55 78
66 63 10
88 61 7
1 76 29
68 64 6
84 23 55
71 59 3
28 59 34
61 84 83
36 63 45
23 60 2
24 21 9
39 70 1
27 87 76
92 70 93
59 89 9
43 27 6
25 7 1
57 14 1
89 49 14
62 49 24
43 61 10
59 76 8
31 68 7
46 87 9
25 51 89
72 78 58
38 29 10
89 56 10
37 80 46
53 1 24
43 77 31
66 48 52
45 37 2
47 24 9
69 30 79
72 69 80
7 30 10
12 29 62
83 39 6
23 29 7
1 28 22
27 40 4
38 6 2
26 17 67
57 76 19
87 48 5
63 48 37
41 34 76
15 84 50
54 21 65
19 41 36
29 63 54
37 66 6
55 34 2
75 15 7
13 61 4
16 33 30
72 48 45
37 31 10
7 21 1
88 29 84
50 25 27
18 17 19
80 38 8
31 42 5
73 1 71
71 17 2
50 47 74
54 92 42
46 49 66
37 67 10
50 37 64
39 42 89
75 32 41
50 81 71
28 76 10
12 13 41
66 78 90
12 63 2
91 86 7
7 78 4
33 46 72
29 10 3
34 59 30
72 35 8
44 42 5
7 68 52
77 5 3
5 2 27
79 53 2
10 80 52
51 7 25
89 62 4
5 19 6
86 1 13
20 46 2
14 16 63
80 81 57
87 26 22
52 54 64
21 50 64
71 26 63
6 84 83
11 19 72
65 81 9
85 30 58
77 75 2
38 31 23
28 62 95
11 49 24
51 30 10
12 64 44
67 66 93
80 63 18
2 27 6
1 91 41
16 71 9
55 28 7
83 47 75
65 82 5
37 27 58
2 84 3
43 2 9
76 79 2
69 47 69
68 24 61
3 55 42
51 70 10
77 84 91
10 37 2
89 53 8
74 63 7
32 87 1
77 17 22
48 5 7
57 77 22
57 62 7
6 27 10
46 75 90
24 30 8
92 65 74
82 81 3
77 90 90
9 34 26
34 57 3
5 27 95
85 39 8
5 26 1
36 24 9
49 59 79
51 47 48
75 33 6
8 85 2
49 9 58
68 37 22
67 25 7
25 24 6
49 4 98
57 16 3
22 78 58
62 19 33
57 53 4
85 47 85
37 22 9
70 25 79
4 33 6
33 87 70
82 83 66
40 5 76
58 82 5
52 65 11
38 2 100
15 32 7
41 89 6
26 77 4
30 81 5
15 56 6
40 37 49
74 23 21
4 43 10
91 16 1
10 13 84
38 50 5
8 65 2
66 29 54
15 33 7
90 2 64
36 31 4
60 87 77
43 40 6
6 90 88
11 23 57
90 40 8
25 68 85
64 38 7
50 63 3
19 87 40
90 11 9
24 54 99
40 2 8
4 19 11
74 72 2
92 8 81
71 62 1
84 19 38
80 74 10
90 19 99
1 18 83
36 21 9
27 10 8
4 3 4
56 55 10
52 35 10
75 87 30
24 70 2
39 54 6
50 7 2
66 13 19
87 5 1
3 9 51
59 16 5
58 54 4
4 84 6
50 24 2
1 14 1
50 72 33
62 91 8
73 14 5
62 86 4
61 12 5
39 81 5
90 33 94
78 21 32
2 37 35
46 48 14
82 39 98
92 39 83
37 61 11
31 22 72
64 66 16
57 3 61
60 66 60
31 24 41
91 79 1
18 57 76
90 4 4
20 49 4
69 25 5
84 20 27
17 89 2
9 57 6
57 86 64
1 34 87
68 30 24
67 64 1
42 64 59
2 4 56
27 12 17
22 80 70
77 11 49
45 50 96
6 22 4
20 11 7
85 81 3
24 52 6
34 89 47
36 25 55
62 41 10
90 20 12
74 10 4
77 89 21
32 56 6
63 35 7
74 61 9
53 9 10
87 90 7
2 6 7
10 12 1
41 76 7

82 400
9 1 22
42 82 72
28 36 22
24 59 40
60 38 8
58 19 6
56 25 29
10 70 22
4 62 24
75 11 55
80 52 88
18 54 4
53 42 71
27 54 60
56 24 20
19 67 51
17 59 7
80 65 19
67 80 34
35 6 52
34 4 2
29 76 15
59 62 45
57 77 23
53 38 69
39 4 40
27 57 71
47 8 99
79 76 83
41 60 93
63 71 98
79 51 63
77 22 53
53 27 84
40 35 52
3 82 9
82 43 71
16 21 12
23 79 82
77 20 80
79 50 83
57 4 68
38 12 28
51 4 46
80 38 43
40 82 53
36 62 91
77 28 83
43 24 17
15 33 12
13 20 20
80 37 85
81 63 5
27 31 63
82 45 40
50 71 97
47 77 40
29 82 97
24 70 6
59 15 95
1 78 50
49 16 6
43 10 76
66 1 49
55 35 16
71 22 93
52 31 25
47 13 8
56 51 80
80 6 59
82 33 16
18 20 98
5 81 9
55 60 23
56 60 34
69 81 12
49 25 41
73 11 33
10 33 4
16 74 94
58 23 17
37 76 39
38 5 66
82 70 14
40 76 8
35 70 80
61 18 75
34 18 63
36 64 4
19 70 69
82 6 71
25 8 78
64 37 74
4 11 1
81 34 57
81 62 41
24 42 31
39 37 95
77 64 54
36 57 75
52 64 64
11 58 95
39 27 95
10 36 49
65 66 76
15 65 46
34 59 63
69 4 13
43 80 100
57 1 98
20 6 56
50 27 81
7 34 54
52 26 9
20 59 10
8 19 73
76 13 69
36 11 66
53 3 17
38 9 11
53 70 38
5 13 99
18 19 39
18 30 32
15 42 73
37 19 65
67 22 81
71 19 8
1 30 72
11 48 38
38 32 21
56 64 63
18 60 48
2 39 38
60 52 70
39 38 1
81 53 52
77 30 78
78 56 83
24 52 3
14 80 92
33 24 7
82 8 24
30 4 20
67 35 28
56 61 97
13 39 56
1 26 91
81 44 72
58 30 1
67 61 74
82 68 78
46 43 54
54 79 4
53 7 73
59 16 37
64 79 75
82 73 79
5 73 52
7 19 57
55 34 65
28 1 23
1 23 51
30 13 3
47 67 34
56 12 39
64 1 94
59 10 8
31 1 51
82 2 46
62 1 25
50 13 80
54 77 13
16 67 31
50 67 56
76 21 45
38 64 98
7 20 48
33 20 72
30 38 4
29 11 100
20 73 5
82 74 19
24 41 53
6 24 13
30 41 88
67 31 97
6 11 64
7 26 35
20 37 7
47 14 44
17 81 85
76 33 73
4 5 99
20 49 78
71 5 89
65 17 86
23 52 45
27 66 52
38 44 42
41 9 81
27 51 45
65 16 26
19 33 88
74 46 35
65 9 84
72 10 29
39 79 68
5 43 18
42 19 25
58 69 17
11 2 98
39 58 49
32 1 17
44 56 66
82 49 24
14 35 87
10 48 63
79 22 40
11 77 59
21 33 7
51 18 13
71 26 56
36 31 5
26 36 77
55 69 79
26 65 15
8 46 84
23 59 9
78 7 31
61 4 55
2 47 80
11 59 26
76 7 29
76 52 72
77 63 45
53 68 26
17 41 12
41 66 58
41 47 8
38 66 9
65 76 25
56 54 66
79 69 50
58 15 71
35 59 52
13 19 73
23 77 11
21 82 26
71 31 16
52 51 31
22 1 34
5 6 64
55 31 29
37 5 40
20 27 19
67 11 79
19 81 85
14 82 88
14 19 53
13 28 55
52 69 77
52 19 64
43 39 85
66 55 67
10 6 24
71 16 23
65 57 90
5 27 72
50 58 80
27 11 69
13 35 27
63 6 26
61 71 95
52 34 34
33 46 87
37 28 89
24 74 55
51 1 96
20 55 51
13 66 100
32 55 60
37 22 10
43 19 100
35 79 83
13 23 27
77 46 40
60 65 49
7 39 72
56 16 16
8 76 77
24 21 60
35 36 73
30 56 94
5 68 80
51 37 88
59 12 80
13 32 33
56 9 14
2 25 88
24 4 1
39 65 15
10 79 1
34 79 69
49 15 59
77 39 39
77 62 97
80 77 37
7 31 68
13 80 65
42 17 86
51 77 74
3 15 39
12 75 95
18 69 41
76 38 61
52 50 79
47 27 18
39 61 2
78 37 38
28 67 89
58 78 39
38 16 5
34 65 64
26 38 98
7 23 86
30 71 2
24 58 56
77 34 57
70 46 35
1 44 100
23 34 10
61 7 34
40 15 39
70 5 96
35 3 84
50 3 2
7 35 23
35 41 93
45 35 75
20 14 14
4 9 34
41 16 67
72 50 24
60 1 64
36 17 16
18 16 33
71 46 49
21 46 77
55 54 5
37 26 98
19 45 74
20 45 5
25 68 90
4 31 16
77 5 11
82 75 91
75 50 37
1 34 37
81 64 72
1 54 56
7 54 61
75 10 36
45 24 28
17 3 44
53 33 32
6 39 78
55 46 14
27 10 62
57 55 96
58 41 5
59 53 73
52 11 96
46 14 82
1 69 23
18 35 8
9 7 45
71 11 42
18 24 69
58 31 100
40 12 67
66 52 5
67 76 77
82 48 69
5 14 79
23 37 37
16 3 47
73 50 15
27 60 37
47 49 3
81 61 12
47 29 71
66 18 80
61 1 67
43 12 13
72 76 55
59 60 14
48 20 28
82 72 9
17 56 23
