no
no
1
2
end
3
4
5
6
end
1
2
3
end
end
no
1
2
3
4
5
6
7
8
9
10
end
end
no
3
4
7
8
10
13
14
16
17
18
24
26
27
28
30
33
35
39
46
49
55
56
57
60
65
66
67
68
69
71
73
75
76
80
81
83
85
86
87
88
89
90
91
92
94
96
98
102
104
105
106
107
109
111
112
114
117
119
120
121
123
126
129
130
131
138
140
142
143
147
148
149
150
155
156
157
163
164
165
166
167
169
170
172
174
175
176
178
179
180
182
185
188
189
190
191
195
197
199
200
201
end
1
2
4
7
8
9
11
12
14
19
22
25
28
32
33
37
43
45
53
54
56
58
59
61
63
64
66
67
69
70
71
73
80
82
83
84
89
94
104
105
106
110
111
116
122
123
124
126
134
135
136
139
140
141
142
146
151
152
153
154
156
157
158
159
160
163
164
167
168
169
175
178
179
183
187
193
195
198
199
202
203
204
205
207
209
212
216
217
218
220
223
227
230
233
234
240
241
243
249
251
end
6
17
19
25
34
39
52
55
70
75
79
80
81
82
83
88
89
90
93
97
98
103
111
115
121
126
134
145
147
152
153
156
162
165
170
172
173
179
183
191
197
205
206
215
224
225
226
231
242
244
245
248
250
252
257
260
262
265
266
end
1
4
5
7
8
9
11
12
13
15
18
19
20
22
25
27
28
30
32
33
34
36
38
40
41
42
43
47
54
56
57
58
61
62
63
64
65
66
67
68
70
71
73
74
77
78
81
82
83
85
86
87
89
91
93
94
96
100
101
102
103
104
109
110
114
118
121
123
124
126
130
131
132
133
137
139
140
143
145
146
148
151
152
155
157
158
163
164
165
166
167
end
7
10
11
13
15
17
19
22
25
29
31
33
36
39
41
42
43
46
48
50
55
58
66
71
73
76
77
78
82
85
86
87
88
89
92
93
94
101
104
110
113
114
119
124
125
127
129
130
134
138
141
142
146
147
148
150
152
156
169
171
172
173
175
177
186
189
193
194
198
202
206
208
212
213
220
221
229
234
237
238
241
245
247
250
251
259
262
268
272
274
277
281
283
284
285
294
298
302
303
304
306
307
310
311
314
318
319
321
323
324
325
326
330
331
334
342
344
346
347
348
354
355
356
358
368
370
371
372
373
374
376
378
379
381
382
383
386
397
398
404
405
407
410
414
418
421
423
430
435
436
439
443
447
448
451
end
1
2
3
4
5
6
7
8
9
11
12
13
14
15
16
17
18
19
20
22
23
25
26
27
28
29
30
32
33
34
35
36
37
38
39
40
41
42
43
44
45
46
47
48
49
50
51
52
53
54
55
56
57
58
59
60
61
62
63
64
65
66
67
68
69
70
71
72
73
74
75
76
77
78
79
80
81
82
83
84
85
86
87
88
89
90
91
92
93
94
95
96
97
98
99
100
101
102
103
104
105
106
107
108
109
110
111
112
114
115
116
117
118
119
120
121
123
124
125
126
127
128
129
130
131
132
133
134
135
136
137
138
139
141
142
144
145
146
147
149
150
151
152
153
154
155
156
158
159
160
161
162
163
164
165
166
167
168
169
170
171
172
173
175
176
177
178
179
180
182
183
184
185
186
187
188
189
190
191
192
193
194
195
196
197
198
199
200
201
202
203
204
205
206
207
208
209
210
212
213
214
215
216
217
218
219
221
222
223
224
225
226
227
229
230
231
232
233
234
235
236
237
238
239
240
241
243
244
245
246
247
248
249
251
252
253
254
256
257
258
260
261
262
263
265
266
267
268
269
270
271
272
273
274
275
276
277
278
280
281
282
283
284
285
286
287
288
289
290
291
292
293
294
295
296
297
298
299
300
301
302
303
304
305
306
307
308
309
310
311
312
313
314
315
316
317
319
321
322
end
2
10
22
44
72
107
120
132
133
147
161
167
229
232
249
264
265
272
276
288
302
303
312
end
no
