142857
0588235294117647
052631578947368421
0434782608695652173913
0344827586206896551724137931
0212765957446808510638297872340425531914893617
0169491525423728813559322033898305084745762711864406779661
016393442622950819672131147540983606557377049180327868852459
01
758241
0588235294117646
152631578947368421
04347826086956521739130
034482758620689655172413793
0212765957446808501638297872340425531914893617
0169491525423728813559322033898305084745762711864406779666
485767305968737584736478947631110239847564719283674623819109
999999999999999999999999999999999999999999999999999999999999
