100
200
300
400
500
600
700
800
900
10000
20000
30000
40000
50000
60000
70000
80000
90000
1000000
2000000
3000000
4000000
5000000
6000000
7000000
8000000
9000000
10000000000
20000000000
30000000000
40000000000
50000000000
60000000000
70000000000
80000000000
90000000000
1000000000000
2000000000000
3000000000000
4000000000000
5000000000000
6000000000000
7000000000000
8000000000000
9000000000000
100000000000000
200000000000000
300000000000000
400000000000000
500000000000000
600000000000000
700000000000000
800000000000000
900000000000000
10000000000000000
20000000000000000
30000000000000000
40000000000000000
50000000000000000
60000000000000000
70000000000000000
80000000000000000
90000000000000000
1000000000000000000
2000000000000000000
3000000000000000000
4000000000000000000
5000000000000000000
6000000000000000000
7000000000000000000
8000000000000000000
9000000000000000000
0
