14
33
1463 6857
2362 8319
2339 6915
3283 8143
3560 6915
4274 7822
4597 7237
5634 8085
5588 7149
6463 7412
5979 6360
6924 6272
6371 5512
7039 4751
6048 4635
6325 3611
5680 4108
5933 2588
5150 2880
4919 2237
4412 2237
3882 1798
3030 1974
2477 1594
2039 2675
1486 2500
1532 3348
956 3319
1256 4225
472 4781
1187 5424
1002 6623
1348 6506
22
2477 3173
2869 7705
3283 3202
3813 7646
4205 3260
4804 7529
5219 3319
5818 7500
6463 3319
7362 3319
6440 9196
5380 9108
5265 4459
5081 9050
4366 9079
4228 4401
4021 9050
3376 9050
3283 4254
3076 9020
2293 9050
1763 3202
27
1993 7705
2938 7383
3329 8026
4459 7734
5380 7061
6532 7237
7039 7675
8053 7617
8214 6096
7638 5102
6924 4284
6717 3143
6348 1915
5311 1652
4459 2178
3191 2178
1970 2617
1763 3494
1993 4050
6233 3670
1763 4430
1901 4956
2177 5278
1947 5980
1532 6301
6786 5863
2131 6798
20
4551 8436
5518 8231
6187 7617
6578 6711
6671 5453
6601 4342
6440 3348
6048 2705
5518 1974
4804 1681
3998 1652
3260 2032
2615 2646
2131 3494
1947 4751
1878 6009
2062 7061
2592 7705
3237 8173
3813 8377
29
4021 5599
3099 7178
2823 6330
2339 7558
1878 5833
1233 7792
1187 5512
1256 2763
1878 4020
2339 1769
1878 541
3514 1096
3283 2383
2776 3056
2869 4605
3675 2851
3882 1915
3906 512
6647 775
6786 3377
6279 5073
5541 3874
5726 5775
8053 6243
7339 7880
6002 8056
5472 6564
4159 7675
3882 6769
18
3560 5804
2154 5833
2984 6740
2592 7997
3652 7500
4666 8056
4343 6740
5104 7675
5311 6389
6094 5892
5127 5599
4850 4518
4320 5336
4551 4225
3560 4459
2869 3728
2892 4810
2454 5249
30
1694 8114
2523 4810
1624 4839
1786 5833
1233 5950
1279 3728
1740 4371
1947 3787
979 3319
841 4839
403 4664
657 2003
2177 2178
2615 3582
2454 4284
3076 4839
2638 8319
4021 8231
5150 4898
7039 5863
6256 7792
5380 7529
5841 6243
5380 6213
4988 7646
5334 8991
2108 9079
634 9020
565 6974
1440 6886
23
6348 7881
1694 7880
1763 2237
7224 2325
6993 6243
2500 6389
2684 3845
5887 3874
5795 5395
3514 5424
3491 4927
5334 4985
5311 4196
3145 4284
3145 5775
6348 5716
6555 3114
2316 3085
2224 6857
7500 6798
7638 1681
8399 1798
8283 7880
22
2062 6681
4182 7529
5058 5629
4712 2968
8353 3114
6947 7325
8675 8173
9274 5044
8606 4371
9205 3553
9297 1740
5956 1272
2615 658
2177 2383
3283 3465
3698 2997
4113 4722
2339 4751
1164 4050
887 6243
1717 5892
1717 6418
49
2177 8231
6002 8523
7800 7032
7776 5804
5357 5249
6878 4342
8306 5161
8813 6681
9343 6213
9182 3523
9251 1155
7846 921
8168 3056
6325 2500
6740 1886
3445 1067
3445 1798
4297 2266
5495 2295
5680 3231
4320 3904
3882 2939
2707 2500
2661 980
3122 687
2385 541
588 1360
1187 1798
1694 2091
1394 3056
749 3582
449 4459
795 5249
1233 5102
2339 4459
2454 3728
3122 4254
3214 6213
1878 5775
818 6272
818 7354
979 8553
1486 9108
1601 7354
2661 7061
4251 6974
4689 7500
3214 7617
2362 7705
47
2707 8231
1855 6477
1694 3874
2293 2383
3859 1915
3721 3904
2776 3845
2684 4898
3675 5073
4643 4518
4666 2178
4297 980
2500 950
887 2792
933 4898
449 4839
334 2705
680 980
2431 424
9459 512
9113 3523
6947 3114
7224 1506
5288 1740
6025 4547
8329 4927
8767 5863
8813 8553
8237 9225
5772 9167
5749 7909
8099 7939
8076 6798
5887 5804
5426 7032
6555 6974
6601 7617
4551 7588
4597 6798
5173 6564
5311 5365
3882 5746
4021 7295
4666 8494
3859 9108
3353 6915
2707 6243
13
6694 7558
5196 7588
5173 5161
3122 5044
2984 7675
887 7705
1071 1535
2316 1389
4412 1184
6647 1447
7846 2500
7938 4635
7823 7120
3
4735 8699
1210 1769
8929 1740
44
3468 8231
634 8202
703 6974
2984 7061
3214 6272
2846 5687
1901 6155
1025 5921
933 4781
1141 3260
2200 2675
4435 2325
6071 3056
6924 3874
7247 5775
8168 6477
8283 5073
7869 3289
6440 2032
6740 1009
8306 950
8906 2383
9090 4167
9182 5804
8859 7471
7638 7617
6486 7120
5887 5307
5173 4342
5219 5453
5749 7178
6440 8143
7753 8494
8076 9342
6970 9459
5173 8231
4597 6506
4320 5132
4113 4459
3468 4284
1809 4576
3998 4898
4366 6681
4320 7822
