10
7 1 0 1 0 1 1 1
8 1 0 0 0 0 0 1 1
9 1 0 0 0 1 1 0 1 1
10 1 1 0 1 0 0 1 0 0 1
12 1 1 0 1 0 0 1 1 0 0 1 0
15 1 0 1 0 1 1 0 1 1 1 1 1 0 0 1
21 1 1 1 1 0 0 1 0 1 0 0 0 1 0 1 0 1 1 1 0 0
17 1 0 1 1 0 1 1 0 1 0 0 1 1 1 0 1 1
26 1 0 0 0 0 0 0 0 0 0 0 1 0 0 0 0 0 0 0 0 0 0 0 0 0 1
30 1 0 1 0 1 0 0 0 1 1 0 0 1 0 1 0 0 1 1 1 1 1 1 1 1 0 0 1 0 1
40 1 0 0 1 0 1 1 0 0 1 1 1 1 0 0 1 1 1 0 0 1 0 0 0 1 0 1 1 1 0 1 0 0 1 1 0 1 0 0 1
50 1 1 1 1 1 0 1 0 0 1 0 1 0 0 1 1 0 0 1 1 0 0 1 0 0 0 1 0 1 0 0 0 1 0 1 0 0 0 1 1 1 1 1 1 0 1 1 0 0 1
80 1 1 0 1 0 1 0 0 1 1 0 1 0 0 0 0 1 1 1 1 0 0 0 0 0 0 1 1 0 0 1 0 0 1 1 0 1 0 1 0 0 1 1 1 1 0 0 1 1 0 0 1 0 1 0 0 0 1 0 0 0 1 0 0 1 0 1 0 1 0 0 0 0 0 0 0 0 0 0 0
90 1 0 1 0 1 1 1 1 0 0 1 0 1 1 1 1 0 1 0 0 0 1 1 1 0 0 0 0 1 1 0 0 1 1 1 1 1 0 1 0 1 0 0 0 1 0 0 0 0 0 1 0 1 0 0 0 1 1 1 0 0 1 1 0 1 0 1 1 1 0 1 0 1 0 1 1 0 0 0 0 0 1 1 0 0 1 1 1 1 0
100 1 1 1 1 1 0 0 1 1 1 0 0 0 0 0 0 0 0 1 1 0 1 1 0 1 1 1 1 0 1 0 0 1 0 0 0 0 0 1 0 0 0 1 1 0 1 1 0 1 1 0 0 0 1 1 1 1 0 1 0 0 0 0 1 0 0 1 0 1 1 1 0 1 0 1 0 0 1 1 0 0 1 1 1 1 0 1 0 1 1 0 1 1 1 0 1 1 1 0 1
300 1 1 1 0 0 0 1 1 0 1 1 1 1 0 1 0 0 0 0 1 1 0 0 1 1 1 1 1 0 1 1 0 0 1 0 1 1 0 1 0 0 0 1 1 1 0 0 0 0 0 1 0 0 1 1 0 1 1 0 1 0 0 0 0 0 1 0 1 0 1 1 0 1 1 1 1 1 0 1 0 0 1 0 1 0 0 1 0 1 0 1 1 0 0 0 0 1 0 0 1 1 0 0 1 1 1 1 1 0 0 0 0 0 1 1 1 1 1 1 0 1 1 1 0 1 0 1 0 0 1 0 0 1 0 0 1 0 1 0 0 0 0 0 0 1 0 1 1 0 0 1 0 1 1 0 0 1 1 1 0 1 1 0 1 1 0 0 0 0 0 0 0 1 1 0 1 0 1 0 0 0 0 1 1 1 1 0 1 1 1 1 0 1 0 1 1 1 0 1 1 0 1 1 0 1 0 0 1 1 1 0 1 1 1 1 1 1 0 1 0 1 1 1 0 1 1 0 1 1 1 0 0 1 0 1 0 0 1 0 0 0 0 0 0 0 1 0 0 0 1 1 1 0 0 0 0 0 0 1 1 0 0 0 1 1 1 1 1 0 0 0 1 0 0 0 1 0 0 1 0 1 0 0 0 1 0 0 1 1 1 1 1 0 1 0 1 0 0 1 1
400 1 1 1 1 0 0 0 0 0 1 1 0 1 1 0 0 0 1 1 1 0 0 1 0 0 0 0 0 0 1 0 0 0 0 0 0 1 0 1 1 0 0 1 0 0 0 0 0 0 0 0 0 0 0 1 0 0 0 1 1 1 1 0 1 0 0 1 1 1 1 1 0 1 0 0 1 1 1 0 0 1 1 1 1 1 0 0 0 1 1 1 0 1 1 0 0 0 0 1 1 1 0 1 0 1 0 0 1 1 1 1 1 0 1 1 0 0 1 1 1 1 0 0 1 0 0 1 1 0 1 1 1 0 1 0 1 1 1 1 1 0 1 1 1 0 0 0 0 1 1 0 1 0 0 1 0 0 1 0 1 0 1 0 0 0 1 0 0 0 1 1 0 0 0 0 1 1 0 1 1 0 1 0 0 0 0 1 0 1 1 1 1 0 0 0 1 1 1 1 0 1 1 1 1 0 1 1 1 0 1 1 0 0 1 0 1 1 1 1 1 1 1 1 1 0 1 1 0 1 0 0 0 0 1 0 1 1 1 1 0 0 0 0 1 1 1 0 1 1 0 1 0 0 0 0 0 0 1 1 1 0 1 1 1 1 1 0 0 1 1 1 1 1 1 1 1 1 1 1 0 0 0 1 0 1 0 1 1 1 0 1 0 0 0 1 1 0 0 0 1 1 1 1 1 1 0 1 0 0 0 1 0 1 1 0 1 1 0 0 1 0 1 0 0 0 1 0 0 1 0 0 1 0 0 1 1 0 0 0 0 1 0 1 1 0 0 0 0 0 0 1 1 0 0 1 0 1 0 1 1 0 1 1 1 1 0 1 0 0 0 1 1 0 0 0 1 1 0 1 1 1 1 0 1 1 0 0 1 0 1 1 1 1 0 0 1 0 1 0 1
500 1 0 1 1 0 0 1 1 1 1 0 0 0 1 1 1 0 1 1 1 0 0 1 1 0 0 1 1 1 0 1 1 1 1 1 0 1 1 0 0 1 1 0 1 0 1 0 0 1 0 1 1 0 0 1 1 1 0 0 0 1 0 0 1 1 1 1 1 0 1 1 1 1 0 1 1 0 1 1 1 1 1 0 0 0 1 1 1 0 0 1 1 1 1 1 0 1 0 1 0 0 1 0 1 1 1 0 1 1 0 0 1 0 1 0 0 1 0 0 1 0 0 1 1 0 0 0 1 1 0 0 0 1 0 1 0 0 0 1 0 1 0 1 0 1 0 0 0 0 1 0 1 1 1 0 1 0 1 1 0 1 1 0 1 0 1 1 0 0 1 1 0 1 1 0 1 1 0 1 1 0 1 1 1 1 1 0 0 1 1 0 1 1 0 0 1 0 0 0 1 1 0 1 1 1 1 1 0 0 1 0 0 0 1 1 0 1 0 1 0 0 1 1 1 0 0 1 1 0 0 0 0 0 1 0 1 0 1 0 1 0 0 1 1 1 1 0 0 1 1 1 1 1 1 1 1 1 0 0 1 1 1 1 0 0 1 1 1 1 1 0 1 0 0 1 1 1 1 0 0 0 1 0 1 1 1 1 0 0 0 1 0 0 1 0 0 1 1 0 0 1 1 0 0 1 1 1 0 0 0 1 1 0 1 1 1 1 1 1 0 0 1 0 0 1 0 0 0 0 1 1 1 0 0 1 0 1 1 0 0 1 0 0 0 0 1 1 0 0 1 0 0 0 0 0 0 0 1 0 0 0 0 0 1 0 0 1 0 1 0 0 1 1 0 0 1 0 1 1 1 1 0 1 0 0 0 0 1 0 1 1 1 1 0 1 0 0 0 0 1 0 1 1 1 0 1 1 0 1 1 1 0 1 1 1 1 0 1 0 1 0 0 0 0 0 1 0 1 0 0 1 1 0 0 1 0 0 1 1 0 0 1 0 1 0 1 1 1 1 0 0 1 1 1 0 1 1 0 0 0 1 1 1 1 0 1 0 1 0 1 1 0 0 0 0 1 0 1 0 1 0 1 1 1 1 1 1 0 0 1 1 1 1 0 1 0 1 1 1 0
700 1 0 1 1 0 1 1 1 0 0 1 1 0 0 1 1 0 1 0 0 1 0 1 0 0 1 0 0 0 1 1 1 0 0 0 0 1 1 1 0 0 1 0 1 0 1 0 0 0 1 1 0 0 0 0 0 0 1 0 0 0 1 1 0 0 0 1 0 0 1 0 1 1 1 1 1 0 1 0 1 1 1 1 1 0 0 0 0 1 1 0 0 0 0 1 1 1 1 0 1 0 1 1 1 0 0 1 0 0 1 1 1 0 1 1 0 1 1 1 0 1 0 1 0 0 0 1 0 1 1 0 0 0 1 0 0 1 1 1 0 0 0 1 1 1 1 0 1 1 1 0 0 1 1 0 0 0 0 0 1 1 0 0 0 0 0 1 1 0 0 0 1 1 1 0 1 1 0 0 1 0 0 0 1 1 0 1 1 1 0 1 1 0 1 1 1 0 0 1 0 1 1 1 0 1 0 1 0 1 0 0 1 0 0 0 0 1 0 0 0 0 1 1 1 1 1 0 0 1 1 0 1 0 0 1 1 1 1 0 0 1 0 1 0 0 1 0 1 0 0 1 0 0 0 1 1 1 1 1 1 0 0 1 1 1 0 0 0 0 0 1 0 0 0 0 0 0 0 0 0 0 1 1 0 0 0 0 0 0 0 0 1 1 1 0 0 0 1 1 0 1 1 0 0 0 0 1 0 0 1 1 1 1 1 0 1 1 0 0 0 1 0 1 0 1 0 1 1 1 1 0 0 0 0 1 0 1 0 1 0 1 0 1 0 1 0 0 1 1 0 1 0 0 1 0 0 1 0 1 1 1 0 1 1 0 1 1 0 1 0 0 1 1 0 1 1 0 0 1 1 0 1 0 1 0 1 1 0 1 1 1 0 1 1 1 0 0 1 0 1 1 0 0 1 1 0 0 0 0 1 1 1 0 0 1 1 1 0 1 0 0 0 0 1 0 0 1 0 1 0 0 0 0 0 0 0 1 0 0 0 0 0 0 0 0 1 1 1 1 1 0 1 0 0 1 0 0 0 1 0 0 1 0 1 0 1 0 1 1 0 0 1 0 0 0 0 1 0 0 0 0 0 0 0 1 1 1 0 0 0 0 1 1 1 1 1 0 1 1 0 1 1 0 0 1 0 1 0 1 0 1 1 1 0 1 0 0 0 1 1 0 0 1 0 0 0 0 1 0 1 1 0 1 1 0 0 0 1 1 1 0 1 1 1 0 0 1 0 1 1 0 0 1 1 1 1 1 1 1 0 0 0 0 1 0 0 0 0 0 0 0 0 1 1 0 1 0 1 0 0 1 0 1 1 1 0 1 1 1 0 1 0 0 0 0 1 0 1 0 1 1 0 0 1 0 0 0 1 0 0 0 0 1 1 1 1 0 0 1 1 0 1 0 1 1 1 0 0 0 0 1 0 1 0 1 0 1 1 0 1 0 0 0 0 1 1 1 1 0 0 1 1 1 0 0 0 1 1 0 0 0 0 0 0 1 1 0 0 1 0 0 0 0 0 0 0 0 1 0 0 0 0 1 1 0 0 0 0 0 1 0 0 0 1 1 1 0 1 0 0
800 1 1 0 1 1 0 1 1 0 1 1 1 1 1 0 1 1 0 0 1 0 1 1 0 1 1 0 1 1 1 1 1 0 1 0 0 0 0 0 0 0 1 0 1 1 1 0 0 1 1 1 0 1 1 1 1 0 1 0 0 0 1 1 1 1 0 1 0 0 1 0 0 1 1 0 0 0 1 1 0 0 0 0 1 0 0 0 0 1 1 1 0 0 0 1 0 1 1 0 1 1 1 0 0 1 0 1 1 1 0 0 0 0 1 1 0 1 0 1 1 1 0 1 0 1 1 0 0 0 1 0 0 0 0 0 1 1 0 1 1 0 0 1 1 1 0 0 1 0 1 0 0 0 1 0 0 1 1 0 0 0 1 0 1 1 1 0 1 1 0 0 1 0 0 0 0 1 0 1 0 0 1 0 1 1 0 1 0 1 0 1 0 1 1 1 1 0 0 1 1 0 0 1 1 0 0 0 1 0 1 1 1 1 1 0 0 0 0 1 0 1 0 0 0 0 1 0 0 1 1 0 0 1 1 0 0 1 0 1 0 1 1 0 0 1 0 1 1 1 1 0 0 0 0 1 0 0 1 1 1 1 1 0 1 1 0 1 1 0 1 1 0 0 1 1 1 0 1 1 0 0 0 0 1 0 0 1 0 1 1 0 1 0 0 0 0 1 0 1 0 1 0 0 1 0 0 1 1 1 1 1 1 1 0 1 0 0 0 0 0 1 1 1 0 0 0 1 1 0 0 0 0 1 1 1 1 1 1 1 0 1 0 0 0 0 1 0 1 0 1 1 0 0 1 1 1 1 0 1 0 1 1 0 0 0 0 0 0 0 1 1 1 0 1 1 1 1 0 0 0 1 1 1 0 0 1 1 0 0 0 1 1 1 1 1 0 0 0 0 0 0 1 1 0 1 0 0 1 0 0 1 0 0 1 0 1 0 1 0 1 0 1 0 1 0 0 1 0 0 0 0 1 1 1 0 0 0 0 1 1 0 1 1 1 1 0 1 0 0 1 1 0 0 1 0 1 1 0 1 0 0 0 1 0 0 0 1 1 0 1 0 1 0 0 0 0 1 1 0 1 1 1 1 1 1 0 0 1 0 0 0 0 0 0 1 1 0 0 0 0 1 1 1 0 0 0 0 1 0 0 0 1 0 0 1 0 0 1 1 1 1 0 0 0 0 1 0 0 1 0 1 0 0 1 0 0 1 0 1 0 1 0 0 0 0 1 0 1 0 0 1 0 1 1 1 1 0 1 0 1 1 0 0 1 1 0 0 1 1 1 1 0 1 1 1 0 0 0 0 1 0 1 1 1 0 1 1 0 0 0 0 0 0 0 0 1 0 0 1 0 1 1 0 1 1 0 1 0 0 0 1 1 1 1 1 0 0 0 0 1 1 1 1 1 1 1 1 0 1 0 0 1 0 1 0 1 0 0 1 0 0 1 1 1 1 1 1 0 0 0 1 1 0 1 0 1 0 1 0 0 0 1 1 0 1 0 0 1 0 1 1 0 1 1 0 0 0 0 1 0 0 1 0 0 0 0 0 1 0 1 1 1 0 1 0 1 1 0 1 1 1 0 1 1 0 0 0 1 0 1 0 1 0 0 1 0 0 0 1 1 1 1 0 0 0 0 0 0 1 1 1 0 0 1 0 0 1 0 1 1 0 1 0 0 0 0 1 0 1 1 0 1 1 1 1 1 0 0 1 1 1 1 0 1 0 0 0 0 1 0 1 1 0 0 0 0 1 1 1 1 1 1 0 0 0 0 0 0 0 0 1 1 1 1 1 1 0 1 0 1
900 1 1 0 1 1 0 0 0 1 0 0 1 1 1 0 1 0 1 1 0 1 1 0 1 0 0 0 0 0 0 0 0 1 1 1 1 1 0 0 1 0 0 1 0 1 1 0 0 1 1 1 0 0 1 0 0 0 0 0 0 0 1 0 0 0 0 1 0 0 0 1 0 0 0 0 0 0 0 1 1 0 0 0 0 1 0 1 0 0 0 0 1 1 0 0 0 0 0 0 1 0 1 1 0 0 0 0 0 1 1 0 1 0 1 0 0 1 1 0 0 1 0 0 1 1 0 1 0 0 1 1 0 1 1 0 0 0 1 1 1 1 1 1 1 1 1 1 0 1 0 1 0 1 1 1 0 1 1 1 1 0 1 0 0 0 1 0 1 0 1 0 0 1 0 1 0 0 1 1 1 1 0 0 0 0 0 1 1 1 0 1 0 0 0 0 0 1 0 0 1 0 0 1 1 1 1 0 1 0 1 1 0 0 1 0 0 0 0 0 1 1 0 0 1 0 0 0 1 1 0 1 0 1 0 1 0 0 1 0 1 1 1 1 1 1 0 1 1 0 0 0 1 0 1 0 0 1 0 1 1 1 0 1 0 1 1 0 0 1 0 1 0 0 0 0 1 1 0 0 1 0 1 1 0 0 0 0 0 1 0 1 0 1 1 0 0 1 1 1 0 0 0 1 0 1 1 0 0 0 0 0 0 0 1 0 0 0 1 1 1 1 1 0 0 0 1 1 0 0 0 0 1 0 0 0 0 0 0 0 0 1 0 0 1 0 1 0 1 0 1 1 1 0 1 1 0 0 1 0 1 1 1 0 0 0 0 0 0 1 1 1 0 1 0 1 0 1 1 0 1 0 1 0 0 0 0 1 1 0 0 0 1 0 0 0 1 1 0 1 0 1 1 0 1 1 0 0 0 0 0 0 0 1 0 1 0 1 1 1 1 0 0 1 1 1 1 0 0 0 0 1 0 1 0 0 0 0 0 1 0 1 1 1 1 0 1 1 0 1 1 0 1 0 1 1 1 1 1 0 0 1 1 0 1 1 0 0 1 1 1 0 0 1 1 0 1 1 0 0 0 0 0 0 0 0 1 1 1 0 0 0 0 1 0 1 1 1 1 1 0 1 1 1 0 1 1 0 1 1 0 1 1 1 0 0 1 1 0 1 0 0 1 0 0 0 0 1 1 1 1 0 1 1 0 1 1 0 0 0 0 1 1 0 0 0 0 0 1 0 1 0 1 1 0 1 1 1 1 1 1 0 1 0 1 0 0 0 0 0 0 0 1 0 0 0 0 0 0 0 1 1 0 0 1 1 1 0 0 0 0 1 1 1 0 0 0 0 1 0 1 0 0 0 1 0 0 0 1 1 0 0 1 1 0 0 0 0 1 1 1 1 1 0 1 1 1 1 0 1 1 1 0 0 0 1 1 1 1 0 0 0 1 1 0 0 1 1 1 0 1 0 1 0 1 0 0 1 0 0 0 1 0 0 0 0 0 1 1 0 0 1 1 0 0 1 0 0 0 0 0 1 0 0 0 0 1 0 1 1 1 1 1 1 0 1 1 0 1 1 0 1 0 1 0 1 1 0 1 0 0 0 0 1 0 0 1 0 1 0 1 0 0 0 0 1 0 0 1 1 1 0 1 0 1 1 1 0 0 1 1 1 1 1 1 0 1 1 0 1 0 1 0 0 0 0 1 1 1 1 1 0 1 1 0 0 0 0 1 1 1 0 1 0 0 0 0 1 1 1 1 1 0 1 0 1 0 0 0 1 1 0 1 0 1 0 1 0 1 1 1 0 0 1 1 0 1 0 0 1 1 1 0 0 0 1 1 0 1 0 1 0 0 1 1 0 0 0 0 1 0 0 0 0 1 0 0 1 0 0 0 0 0 1 0 0 0 0 1 1 0 0 1 1 0 0 1 0 1 0 0 1 0 0 0 0 0 0 1 1 1 1 1 1 0 1 0 0 1 1 0 0 0 0 0 0 0 0 1 0 0 1 0 1 0 0 1 1 1 0 1
11 1 0 0 0 1 0 1 1 1 1 1
5  1 0 1 0 1
19 1 1 0 1 0 0 0 1 1 0 1 0 1 1 0 1 1 1 0
2 1 0
2 1 1
5 1 0 0 0 0
997 1 1 1 1 0 1 1 1 1 0 0 1 0 1 0 0 1 0 0 1 1 1 0 1 0 1 0 0 1 1 0 0 0 0 0 1 1 1 0 1 0 0 0 0 0 0 1 1 1 1 1 1 1 1 1 1 0 1 1 1 0 0 0 0 1 0 1 1 0 0 0 1 0 1 0 1 1 1 0 1 1 1 0 0 1 1 0 0 1 0 1 1 0 0 0 0 1 0 1 0 0 0 1 0 1 0 0 1 1 0 1 0 0 0 1 1 0 1 1 1 1 1 0 0 0 1 0 0 1 0 0 1 0 1 0 0 1 0 0 1 0 0 1 1 0 1 1 0 0 1 1 1 1 0 1 1 1 0 1 1 0 0 0 1 1 0 0 1 1 1 1 0 1 1 1 1 0 0 1 0 0 1 0 1 0 0 1 1 0 0 0 1 0 1 1 0 0 1 0 1 1 1 1 0 0 1 1 1 0 1 1 0 0 0 1 0 0 0 0 1 1 1 1 0 1 0 1 1 0 1 1 1 1 0 1 0 0 1 1 0 0 1 0 1 1 0 0 0 0 1 0 0 1 1 1 0 1 0 0 0 0 1 0 1 0 0 0 0 1 1 0 0 1 1 0 1 1 1 1 0 0 0 1 0 1 0 0 1 0 0 0 0 0 0 0 0 0 0 1 1 0 1 0 1 1 0 1 1 1 1 1 0 1 0 0 0 1 1 0 1 0 0 0 0 0 0 1 0 1 0 0 1 0 0 1 1 1 0 0 1 1 0 1 1 1 0 1 0 1 0 1 1 0 0 1 1 1 0 0 0 1 0 1 1 1 1 0 0 0 1 0 1 1 1 0 0 0 0 1 1 0 1 0 1 1 0 1 0 1 1 0 0 0 0 1 1 0 0 0 0 1 0 1 0 0 0 1 0 1 0 0 0 1 0 1 1 1 1 1 1 0 0 1 0 0 1 0 0 1 0 0 1 1 0 0 0 1 1 0 0 0 0 0 0 1 0 1 1 1 0 0 1 0 0 0 1 1 0 1 1 1 0 0 1 1 1 1 0 1 1 0 1 0 0 0 0 0 1 1 0 1 0 0 0 0 0 1 0 1 1 1 0 0 0 0 1 0 1 1 1 1 1 1 1 0 1 0 1 0 1 1 0 0 1 1 0 0 1 1 1 0 1 0 1 0 0 0 0 1 0 1 0 0 0 0 0 0 0 1 0 0 1 1 1 0 0 1 1 1 0 0 0 0 1 1 0 1 0 0 1 1 0 0 1 1 1 1 1 1 1 1 0 1 1 1 0 1 1 1 1 0 1 1 0 1 1 0 0 0 1 0 1 1 1 0 0 0 0 1 0 0 1 1 1 0 0 1 1 0 0 1 1 0 0 1 1 0 0 0 0 1 1 1 0 0 0 0 0 0 0 1 1 1 0 0 1 0 1 1 1 0 0 0 0 1 0 0 1 0 0 1 1 0 1 0 0 1 1 1 0 1 0 1 0 0 1 0 1 1 1 0 0 0 1 1 0 1 1 1 0 0 1 0 0 1 0 1 0 1 0 1 1 1 0 1 1 0 1 1 0 1 1 0 0 1 0 0 1 1 1 1 0 1 1 1 0 1 1 1 1 1 0 0 0 1 0 0 0 0 1 0 1 1 0 0 0 0 0 1 0 0 1 1 1 0 1 0 0 0 0 1 0 1 0 1 1 1 1 1 1 1 1 1 0 0 1 1 1 1 1 1 1 0 1 1 1 0 0 1 0 0 1 1 0 1 0 1 0 0 0 0 1 1 1 0 1 0 0 0 0 1 0 1 0 0 1 1 0 1 0 1 0 1 0 0 1 1 1 0 1 0 0 1 1 0 1 1 0 1 0 1 1 1 0 0 1 0 1 0 1 0 1 0 0 0 0 0 1 0 1 1 0 1 0 0 0 0 0 1 1 1 0 1 0 0 1 0 1 1 0 0 1 0 1 0 1 1 0 1 0 1 0 1 1 1 0 1 1 0 1 1 1 1 0 0 0 0 0 1 1 0 0 1 1 1 1 0 1 0 1 1 1 0 1 1 1 1 1 0 1 0 1 1 1 0 1 1 0 1 1 1 0 1 0 0 0 1 0 0 0 0 1 0 0 1 1 1 0 1 0 0 1 1 1 1 0 0 1 0 0 0 0 1 0 0 0 1 0 1 1 0 1 1 0 1 0 0 1 0 1 1 0 1 1 0 1 0 1 1 0 1 0 0 1 0 1 1
998 1 1 1 0 1 0 1 1 0 1 1 1 0 0 1 1 0 1 1 0 1 0 1 0 1 0 0 0 1 0 0 1 0 1 0 0 0 0 1 1 1 1 0 1 1 1 1 1 1 1 0 0 1 1 1 0 0 1 1 1 0 0 1 0 0 0 0 0 0 0 0 0 0 1 0 1 1 1 1 0 0 1 0 0 1 1 1 1 1 1 0 0 1 0 1 1 0 0 0 1 0 1 1 0 0 1 0 1 1 1 0 0 0 0 0 1 0 0 1 0 1 0 1 0 0 0 0 1 0 1 0 1 0 0 0 1 0 0 1 0 0 1 1 0 0 0 0 1 0 0 0 1 0 1 1 1 1 0 0 1 1 1 1 0 0 1 0 0 1 0 1 0 1 0 0 0 0 1 1 0 0 1 1 0 0 1 1 0 1 1 0 1 1 1 0 1 0 1 0 0 1 1 0 0 1 1 1 1 1 0 1 1 0 0 0 1 0 1 1 1 1 1 1 0 0 1 0 1 1 0 0 0 1 0 1 0 0 0 1 1 1 1 1 0 0 1 1 0 1 1 0 0 0 1 1 1 1 1 1 0 0 1 0 1 0 0 0 0 0 0 0 0 1 1 0 0 1 0 0 0 1 0 1 0 0 1 0 1 1 1 0 1 0 0 1 0 1 1 1 1 1 1 0 1 1 0 1 1 1 1 1 0 0 1 1 0 0 1 1 1 1 1 0 1 0 1 0 1 1 0 1 0 1 0 0 1 1 1 0 0 0 0 1 1 1 0 1 0 0 1 1 1 1 0 1 1 0 0 1 1 0 1 0 0 1 0 1 0 0 0 1 1 0 0 0 0 1 1 0 1 1 0 1 0 0 0 0 1 0 1 1 0 1 1 0 0 0 0 1 0 0 0 1 1 0 0 1 0 1 0 1 1 0 1 1 1 1 1 1 0 1 0 0 0 0 1 1 0 1 0 1 0 1 1 1 0 1 1 0 1 1 0 0 0 1 0 0 0 1 1 0 1 1 1 0 1 1 1 0 1 0 0 1 1 0 0 1 1 0 1 1 0 1 0 0 0 0 0 1 0 0 0 0 1 0 0 1 1 1 0 0 1 1 0 1 1 1 0 1 1 0 0 1 1 1 0 0 0 1 1 1 1 0 1 1 0 1 1 0 0 1 1 0 0 1 1 0 0 0 1 1 0 0 1 0 1 1 0 0 0 0 1 1 1 0 1 1 1 0 1 0 0 0 1 0 0 0 1 0 1 0 0 1 1 1 0 1 1 0 1 0 1 0 1 0 1 0 0 1 1 0 1 1 1 0 0 1 1 1 1 0 0 0 0 1 0 0 0 1 1 1 1 1 0 1 1 0 0 0 1 0 0 1 1 1 1 1 0 1 1 0 0 1 0 1 1 1 0 1 0 0 1 0 1 0 0 1 0 1 1 1 1 1 0 0 1 0 0 1 1 1 1 0 1 0 1 0 1 0 1 0 0 1 1 1 1 1 1 1 0 0 0 1 0 0 0 1 1 0 1 1 0 0 1 1 1 1 1 0 1 1 1 0 0 0 1 0 1 1 1 0 1 1 0 0 0 0 1 0 1 1 1 0 1 0 1 1 0 1 0 0 1 1 0 0 1 0 0 1 1 1 0 1 1 0 1 0 1 1 0 1 0 1 1 0 0 1 1 1 1 0 1 0 1 1 1 1 0 1 1 1 1 1 1 1 0 1 1 1 0 0 1 1 0 0 1 1 1 1 0 1 0 0 1 1 0 1 1 0 0 0 0 0 1 1 1 1 1 1 1 1 1 0 1 0 1 1 1 0 0 0 1 1 0 1 0 0 0 0 1 1 0 1 0 0 1 1 0 0 1 1 0 1 0 1 1 1 0 1 0 1 1 0 0 0 0 1 0 1 1 1 0 0 1 0 0 1 0 0 1 1 0 0 0 1 0 0 0 0 1 1 0 0 1 1 0 0 0 1 1 0 1 0 0 0 1 0 0 1 1 0 1 0 0 1 1 0 0 0 1 1 1 0 0 1 1 1 1 0 0 0 0 0 0 1 1 1 0 1 1 1 1 0 1 0 0 1 0 0 1 0 0 0 0 0 1 0 1 0 0 0 1 1 0 0 0 1 0 0 0 1 0 1 0 0 1 1 1 0 0 0 1 0 1 0 0 0 0 1 1 1 0 1 0 0 1 1 1 1 1 1 1 1 1 1 1 1 0 1 0 0 0 0 0 1 0 1 0
999 1 1 0 1 1 1 1 0 1 0 1 0 1 0 1 0 1 0 1 0 1 1 0 1 1 0 1 1 0 0 1 1 1 0 1 1 1 0 0 1 0 1 1 1 0 0 0 1 1 0 1 0 1 0 0 0 0 0 1 1 0 1 1 0 1 0 1 1 0 0 0 1 0 1 0 0 0 0 1 0 0 1 0 0 1 1 1 0 1 1 0 1 0 1 1 0 1 1 1 0 0 0 1 0 1 1 0 0 0 0 0 1 1 1 0 1 0 1 1 0 1 1 1 0 0 1 0 0 1 0 1 0 0 0 0 0 0 1 1 1 1 0 0 1 1 1 0 0 1 0 0 0 1 0 0 0 0 1 1 0 1 0 0 0 1 0 0 1 0 1 0 0 1 1 1 1 1 0 0 0 0 1 0 0 1 1 0 0 0 1 0 0 0 0 0 1 1 1 0 0 0 1 0 0 1 0 0 0 0 0 0 1 1 1 1 1 0 1 1 1 1 1 0 1 0 1 0 0 0 1 0 1 1 1 0 1 1 0 1 0 0 0 1 1 1 0 0 0 0 0 0 0 0 0 0 1 0 1 1 0 0 0 0 0 1 0 1 1 0 1 1 1 1 1 0 1 0 1 0 0 0 0 1 0 1 1 1 1 0 1 0 1 1 1 0 1 1 1 0 0 0 0 1 0 1 0 0 0 0 0 0 0 1 0 1 1 1 1 1 0 0 1 1 0 1 1 0 0 1 1 0 0 0 0 1 1 0 1 1 1 0 0 0 1 1 1 1 0 1 0 1 0 0 1 1 1 0 1 0 0 1 1 1 1 1 0 0 0 0 0 1 0 1 1 0 1 1 1 0 0 1 1 0 0 0 1 1 1 1 1 1 0 0 1 1 0 1 0 0 1 1 0 0 1 0 0 0 0 0 0 1 1 1 0 0 0 0 1 1 1 1 1 0 0 0 0 0 1 1 1 1 0 0 0 0 1 0 1 1 0 1 1 0 1 1 0 1 1 0 1 1 0 0 0 0 0 0 1 0 1 1 0 0 0 0 0 1 1 1 1 0 1 0 0 1 0 1 1 1 0 0 1 0 1 1 1 0 1 1 1 1 0 1 1 0 0 0 0 1 0 1 1 1 0 0 1 0 0 0 0 0 1 1 1 1 0 1 0 0 0 1 1 0 1 0 1 1 0 1 1 0 1 0 0 1 0 0 0 1 0 0 1 0 1 1 0 0 0 0 0 0 1 1 1 0 0 0 0 1 0 1 0 0 0 0 0 1 0 0 0 1 0 1 0 0 1 0 0 1 1 1 1 0 0 1 1 1 0 0 0 0 1 0 1 1 0 1 0 1 1 1 1 0 1 1 0 0 0 1 1 1 0 1 0 1 0 1 0 0 0 0 1 1 0 0 1 1 1 0 1 1 1 0 0 0 0 0 1 1 0 0 0 1 0 1 0 0 1 0 1 1 1 1 1 1 0 0 1 1 1 1 1 1 1 1 0 0 0 1 1 0 1 0 0 0 0 0 1 1 1 0 0 0 0 0 0 0 0 0 0 0 1 1 1 0 0 0 1 1 1 1 0 1 0 0 1 0 1 0 0 0 1 1 1 1 1 1 1 0 1 1 0 0 1 0 1 0 0 1 1 0 0 1 0 1 0 1 0 1 0 0 0 1 1 1 1 1 0 0 1 0 0 0 1 1 0 1 1 1 0 0 0 1 0 0 0 1 0 1 0 0 0 0 0 0 0 1 1 0 0 0 1 0 0 0 1 1 1 1 1 1 0 0 1 1 0 0 0 0 1 1 1 1 0 1 1 0 1 0 1 1 1 0 0 0 1 0 0 0 1 0 0 1 0 0 0 0 0 1 1 1 0 1 1 0 1 1 0 0 0 1 0 1 0 0 0 1 1 0 0 1 0 0 0 0 0 1 1 1 1 1 1 1 1 0 1 0 1 0 1 0 0 0 1 0 1 0 0 0 0 0 1 1 1 0 0 0 0 0 1 1 1 0 1 0 1 0 1 1 1 1 1 1 1 1 0 0 1 1 0 0 1 0 1 1 0 0 1 1 0 1 1 1 0 0 0 1 1 0 0 0 1 0 0 0 1 1 1 1 0 0 1 0 0 1 1 1 1 1 1 1 0 0 1 0 0 0 0 1 0 0 0 0 1 0 1 0 0 0 1 0 1 0 1 0 0 0 0 1 0 1 0 1 1 0 1 0 0 0 1 1 1 1 1 0 0 1 0 1
