12 5 3 1 2
16 0 0 0 0
50 10 2 3 0
50 10 2 2 0
9384 4 0 3 293
8336 3 0 1 253
2363 5 2 3 167
3927 3 0 0 288
5212 0 0 1 406
1531 5 1 3 119
3930 0 0 2 125
8168 1 1 3 535
6230 4 0 3 212
8538 6 2 3 209
6414 5 1 0 305
1874 4 2 0 108
2306 6 2 3 80
6506 5 0 1 377
6125 3 0 1 164
3368 4 2 3 45
1088 3 0 2 59
3585 0 2 2 117
9933 4 2 0 45
13 4 0 2 1
796 0 2 2 8
6602 0 2 1 492
6653 1 1 0 286
9442 0 2 0 34
8441 3 0 1 222
5772 3 2 1 116
4568 3 2 1 331
6966 1 2 3 450
1529 3 2 1 29
20 3 0 0 1
6341 2 0 3 59
2246 6 0 1 157
2380 1 2 0 161
2351 0 1 2 20
125 3 2 0 3
6492 3 1 3 16
1433 4 2 0 107
5408 5 1 2 187
6030 4 0 1 434
4429 5 0 0 213
8777 6 1 3 215
4539 0 1 0 133
5129 4 0 1 297
6997 0 0 2 146
8491 6 1 1 97
5591 4 2 2 250
7670 5 0 0 371
9508 0 1 0 691
3623 2 2 3 220
5569 5 1 3 320
7606 1 1 2 366
1306 1 2 0 58
8523 4 2 0 429
3259 0 0 2 104
2601 0 2 3 195
5551 3 2 1 359
3882 1 1 2 190
164 4 2 3 9
2960 6 1 0 154
1096 4 2 0 48
2091 4 0 2 28
9108 4 0 3 602
6888 4 1 0 30
2010 5 2 2 67
8207 4 1 0 377
1256 6 1 1 4
5940 3 2 3 230
6229 1 2 0 76
3921 3 1 1 15
4082 3 2 0 308
7673 3 1 1 199
9300 4 2 2 233
2299 2 0 2 125
8582 4 1 0 55
5995 1 2 1 133
1777 0 1 0 22
5580 3 1 1 113
9568 6 1 1 209
1327 4 1 2 82
3507 4 1 2 28
9529 2 1 0 342
499 3 0 1 17
3304 1 1 0 234
9755 4 0 0 249
4501 5 0 1 209
6991 6 1 3 134
254 1 0 1 12
3997 0 2 1 0
5437 6 2 1 218
6305 2 1 2 212
7557 2 2 1 467
1044 3 2 0 19
4501 5 2 2 79
5152 2 2 3 120
2216 2 0 1 145
965 0 1 3 76
3178 4 1 3 139
290 2 1 0 14
744 5 0 2 33
5341 5 0 2 411
2262 4 0 1 63
6762 1 0 2 465
8997 3 2 2 646
1627 5 2 2 108
8206 5 2 2 604
4347 2 0 0 115
5579 2 0 2 443
6971 6 0 3 487
858 6 2 2 54
8356 4 2 0 443
9611 0 0 2 467
7642 2 0 3 593
8339 5 1 0 469
418 3 1 1 8
7206 4 2 2 449
784 5 2 1 5
4290 2 1 2 32
9315 6 0 0 729
3619 6 2 0 106
1234 5 1 1 44
271 5 1 3 14
8364 4 1 1 1
6432 1 0 2 54
5792 3 0 1 360
8575 6 1 3 39
5022 2 2 2 162
4099 6 1 0 31
3003 3 0 0 124
2339 3 0 1 133
9863 6 0 1 658
1537 4 0 3 61
9760 0 1 3 651
128 5 2 0 8
5106 2 0 0 279
1806 6 1 3 11
3615 0 1 1 128
2806 5 2 2 29
4031 3 2 2 309
1487 0 2 2 58
4714 3 2 2 368
7089 5 2 0 144
1018 4 2 1 72
5154 0 1 0 301
9292 6 0 1 334
6964 3 1 2 245
4905 2 0 1 101
4790 1 0 3 81
9251 3 2 1 46
2196 0 1 0 17
227 5 0 0 9
866 3 2 3 0
3519 3 0 0 269
2380 0 2 0 182
4428 3 1 3 98
7399 6 2 3 519
2031 5 2 3 18
4048 6 0 3 79
9205 4 0 2 334
5641 6 1 2 141
9684 1 1 3 524
6273 6 0 3 6
7458 4 0 3 156
270 1 2 3 4
9934 0 0 0 146
5798 2 0 0 448
2699 6 0 2 55
1053 1 0 3 74
4011 4 1 1 219
1 2 2 1 1
9115 0 2 2 493
5148 0 1 3 260
2123 6 0 2 78
6591 0 0 3 177
7858 4 2 1 263
5721 1 2 1 19
9416 6 0 0 640
6893 1 0 0 371
3182 0 1 1 114
596 6 0 1 24
5777 4 2 1 429
9933 4 0 2 107
8861 4 0 1 682
4286 0 0 3 276
1477 6 1 0 17
5529 0 2 2 118
1361 2 2 1 52
6583 1 0 3 70
4226 3 1 1 225
9 4 0 2 1
9098 4 0 1 258
6652 0 2 0 239
8399 5 1 1 273
3891 1 1 0 17
6088 4 2 1 36
953 1 2 3 48
1299 4 0 0 65
5267 3 2 0 371
9594 5 0 3 4
775 5 2 1 23
8284 6 1 2 141
4694 4 1 2 171
8160 0 0 2 277
8763 6 1 0 358
1851 3 2 3 33
5155 6 0 2 279
6365 0 1 3 203
38 3 2 0 0
7281 1 2 2 473
3971 0 1 3 92
9518 0 2 3 664
9301 2 0 3 252
1490 2 2 0 21
3680 2 2 2 233
637 5 2 0 10
6650 3 2 2 434
3887 1 0 1 55
153 1 1 2 5
110 6 1 0 7
4549 6 2 1 290
3199 0 2 3 193
8469 0 1 1 595
3287 3 1 1 102
3246 4 2 2 48
51 6 2 3 0
2043 3 1 3 26
5845 5 2 3 170
5384 3 0 3 284
1957 4 0 2 47
8968 0 2 1 684
6869 6 2 2 482
9719 4 2 1 217
7473 6 2 2 162
3934 5 0 2 3
8154 4 2 0 289
3486 4 1 2 47
9560 3 1 2 188
7720 2 2 2 381
3481 5 2 1 256
3709 4 2 1 181
432 6 2 1 22
9614 6 0 2 154
7668 6 2 0 457
9096 1 1 0 225
2387 4 0 1 40
2374 5 2 3 43
7280 1 2 3 119
7340 6 0 2 438
7516 6 1 2 344
5012 3 0 3 322
3288 1 2 3 129
5355 2289 1036 74 138
2064 901 184 159 46
8706 3314 361 303 184
4820 4073 423 401 107
670 657 86 12 2
5563 2935 917 466 79
6705 3178 29 657 151
8817 6859 534 408 4
2444 1166 64 65 11
4448 683 461 137 117
4900 253 386 69 15
9427 7511 186 288 163
7108 3597 889 97 136
8821 2343 1074 624 48
4124 1941 220 141 65
6313 6134 1181 495 167
9157 7714 1167 514 152
7423 4991 85 565 275
4802 4674 491 92 140
8926 5109 1696 620 44
6528 5226 882 602 124
5197 3225 200 0 101
8500 615 1368 444 70
6142 2639 589 59 147
3199 3163 73 239 85
1632 1355 220 138 33
2347 1605 22 64 86
7541 3695 1026 338 188
4159 3151 230 216 31
5473 2278 1079 97 108
7604 2024 742 585 285
2340 1770 28 70 13
6268 631 657 185 44
8861 1862 1124 502 16
280 55 3 21 3
1599 116 280 48 53
4977 1077 781 347 3
4801 1911 416 89 68
2940 2153 44 195 12
2607 1994 149 83 12
2752 77 204 39 40
1987 1357 228 65 36
2548 1185 463 230 42
4920 2067 296 325 23
5495 888 145 32 197
3769 1653 681 47 87
1989 1558 243 28 12
4487 3169 57 256 130
4696 3310 43 428 182
6067 1002 766 63 192
2854 2097 208 42 108
2273 274 196 221 36
9878 6348 1322 852 190
3004 1682 307 251 115
50 34 6 1 0
4 1 0 0 1
1764 1413 96 51 53
1015 337 99 52 25
2409 154 227 149 89
2635 765 78 262 61
2766 114 61 26 86
6617 844 327 359 133
6367 4548 884 279 185
7777 1639 1391 750 264
1063 181 199 43 10
6509 175 1114 616 57
4545 1143 901 260 96
7566 2372 236 719 10
6909 6383 552 442 29
3843 75 223 54 123
8835 1829 1223 195 278
8697 5434 774 496 283
9717 4464 297 321 297
5862 2578 208 123 16
3880 3524 357 313 45
6629 6356 1112 362 145
3871 2670 144 268 130
8501 2136 1234 87 215
2291 776 145 114 81
2881 2046 157 117 39
6383 5885 15 393 49
752 513 11 73 11
9169 2598 301 825 319
8978 6701 549 297 109
8347 1533 608 6 297
8412 7324 1369 451 303
8794 2912 428 231 110
8372 3854 1458 504 97
9884 4436 1353 771 389
6068 3790 1002 495 110
7458 5299 1437 419 42
1691 473 111 113 2
2336 1971 230 4 18
2256 88 179 66 69
1654 23 290 52 4
9205 5756 967 583 39
4827 696 557 97 177
2729 1089 242 50 99
1521 1423 12 149 43
8617 696 317 800 147
5512 5064 1043 358 95
1863 193 94 61 0
4969 4415 630 177 156
4888 3113 39 369 64
3824 3014 120 276 9
2281 653 319 37 69
4855 1891 882 399 70
1743 1107 222 103 11
3414 2408 294 113 62
7756 6755 845 590 111
3924 740 640 120 131
9943 8468 1828 300 375
9760 2957 1646 141 138
159 122 30 10 4
615 328 50 43 13
3422 1026 467 1 20
1833 1084 61 54 39
6357 3747 713 610 79
4570 3014 464 226 16
7459 4552 606 565 59
8990 1292 1114 567 349
6239 2711 923 260 5
5458 1549 202 133 122
9808 8890 810 337 121
9129 6681 70 778 39
393 328 26 3 0
1708 497 282 30 31
1486 270 94 56 21
9635 711 45 266 342
1695 1638 63 44 46
5521 5244 426 194 100
1493 82 132 80 40
7309 5552 915 460 14
2803 992 202 144 9
6926 5590 322 691 116
8549 8105 1620 478 232
4050 3189 286 202 63
7655 5682 1280 52 8
2558 2031 181 6 78
5221 838 473 346 195
4783 4530 677 95 109
5016 619 1000 95 17
2725 1260 56 78 107
293 167 16 22 4
4642 888 705 79 76
6261 3885 495 162 40
5917 138 1023 490 233
8018 2063 228 744 46
4675 3441 797 449 174
2977 2946 124 89 48
4537 392 547 124 54
3317 434 255 153 100
2987 1069 447 88 17
6967 6749 930 19 180
4947 419 304 293 170
3935 1284 692 268 104
3951 3773 448 372 15
2852 1931 70 232 113
1162 585 153 34 2
564 108 103 27 17
1321 24 16 104 9
2997 902 582 144 53
3429 3385 277 324 132
3683 1221 365 134 126
2950 2660 155 11 56
4947 4464 585 409 188
4629 2500 828 77 29
9014 6132 90 541 316
6985 3601 37 631 113
6385 3190 1121 85 66
4685 4355 525 334 139
451 370 0 11 1
3429 3171 414 218 129
6854 5075 959 634 264
6978 4108 401 269 154
2035 1695 204 90 8
7266 1123 685 591 142
377 20 52 15 13
9964 1754 1987 458 84
1797 173 269 2 33
3670 1185 697 159 45
1802 230 118 27 17
30 3 3 2 1
4713 3314 165 131 67
4514 1032 855 346 108
2111 9 251 202 15
7196 1377 117 27 52
7737 7566 876 286 203
4296 2956 755 399 112
858 264 89 29 21
5739 4567 649 244 96
4402 3028 114 285 9
807 106 0 56 29
9827 4211 140 363 294
3883 2915 224 249 140
5291 2816 234 481 7
8864 1290 1656 356 88
769 607 99 31 11
2602 1775 450 64 67
8292 1408 1469 106 242
5276 1641 30 160 102
9652 8364 1779 99 312
6902 3894 1243 364 220
1956 652 313 108 75
3641 742 216 155 116
3511 1734 373 198 128
3295 1000 536 138 63
9886 2241 119 451 58
3881 720 608 351 69
6645 5241 370 202 83
1787 1041 164 166 42
3853 1558 78 211 130
3514 615 243 162 84
208 105 29 0 2
4108 3599 473 393 118
2773 148 148 111 5
2309 359 408 6 68
4486 2198 484 194 11
8752 4162 333 751 87
449 0 46 41 12
3151 814 186 91 124
9389 8818 830 592 78
6719 219 1154 274 107
4862 1567 251 450 110
8130 74 272 795 186
5058 4480 589 202 72
5761 1780 405 554 88
8826 4881 454 283 282
849 238 160 56 4
1311 577 87 9 13
1247 461 167 103 27
2301 1342 209 30 46
6551 1242 427 286 129
8242 290 994 188 67
8110 3711 1364 518 26
3320 3139 524 226 56
4764 3295 358 359 186
1306 557 124 21 30
130 77 0 6 3
7056 2077 846 208 223
238 85 9 13 5
881 834 159 83 29
712 584 136 2 22
1043 218 48 59 8
7219 2147 1065 498 257
2211 1441 428 7 54
2836 2689 361 77 66
8054 4150 1127 633 53
7999 2518 1369 308 261
1565 26 53 30 59
5753 1677 445 184 32
7825 6127 16 15 3
4081 4049 627 309 105
9175 886 488 600 261
3971 2768 760 128 54
6849 687 884 30 165
251 179 9 9 2
4462 634 468 66 159
3599 3140 672 141 84
3455 632 211 304 130
7258 6302 868 665 12
5172 725 671 372 51
6947 866 264 280 134
1273 596 64 84 43
9193 1741 1063 138 150
5876 1237 1144 204 118
9270 4720 1093 141 187
4596 342 81 63 96
5821 1875 732 67 222
8265 5763 580 384 168
7745 574 1151 388 259
4873 4231 839 300 183
3194 2168 514 36 121
9529 8731 204 619 119
6230 2698 1236 273 3
7178 3860 489 341 42
4370 1330 559 219 46
8108 4923 792 299 147
1441 599 8 56 9
1187 1040 52 18 0
3079 27 91 187 99
8400 3758 767 223 140
533 352 59 51 7
6231 4787 619 569 238
8243 789 26 12 303
4523 3670 850 225 53
3329 283 2 93 72
4627 2158 24 348 58
5669 2458 700 456 151
6175 5837 394 67 119
5740 3795 531 162 10
335 222 25 29 6
7547 5567 1361 725 247
7038 5567 685 194 58
9301 3867 366 806 368
7938 1017 827 14 16
3222 511 279 157 74
9711 7523 16 112 38
2894 558 310 247 12
9118 2618 797 712 202
7894 3817 519 592 14
1336 318 23 132 26
418 234 61 37 4
4875 2769 585 418 18
404 210 17 3 10
8340 6253 385 358 143
9819 4015 408 538 26
5914 3671 226 392 232
1005 711 37 56 1
6749 2196 771 462 135
6797 4326 688 258 56
4681 4430 160 72 123
8158 4502 613 706 215
251 10 3 2 7
8441 4073 48 300 196
7112 962 185 118 236
2278 1206 449 54 88
8343 186 622 128 252
1879 1511 225 4 14
4903 258 694 284 75
7576 1122 1035 377 87
9301 8639 1050 132 271
4697 1419 79 271 172
1826 1422 216 64 51
5588 1811 198 516 59
1903 869 26 166 35
2168 158 389 132 10
3631 2368 653 318 69
3158 3063 525 205 111
3765 2031 656 283 133
6053 4380 16 223 131
1328 917 146 87 49
9305 604 1297 21 213
5618 3890 558 10 3
708 305 140 33 15
2160 57 42 112 19
6979 6069 1372 694 210
1745 182 212 169 49
6899 5337 718 26 168
6272 1596 1081 196 40
6688 6547 727 167 65
7437 6111 1311 635 282
5067 247 785 61 105
7661 5400 781 362 155
7330 1195 696 545 95
3216 1557 111 123 46
869 205 44 9 4
8963 2670 1459 543 86
2959 532 244 176 22
2935 1982 76 115 75
3328 74 512 84 28
495 488 7 14 0
1054 672 172 17 22
8356 3554 795 136 304
4661 505 480 308 110
8546 900 1591 642 98
5108 4211 230 356 201
2607 1863 414 197 61
3003 2810 250 138 43
5893 544 397 509 95
912 911 131 28 23
8324 5842 1302 269 0
3303 1057 410 241 25
7691 7367 1064 328 12
58 36 3 1 0
6769 3646 779 21 210
9342 6672 361 197 246
1559 716 26 53 44
260 152 18 21 0
8801 5772 934 860 216
4539 1167 260 245 134
6764 6316 945 507 99
7747 4247 566 259 291
9763 7457 351 395 268
5451 54 829 381 14
1139 950 104 85 39
5430 3547 342 157 114
8719 1986 1664 10 15
8391 7288 524 651 195
4318 4251 90 135 134
882 198 143 7 32
880 687 71 30 14
4174 3146 266 341 22
2075 1644 349 65 60
1957 282 67 100 16
213 130 3 10 4
2198 473 73 203 50
7662 6995 731 52 161
7378 3585 794 459 31
4853 556 408 381 70
6124 4299 90 424 176
7780 51 919 470 161
7250 5481 324 598 249
3003 1957 372 137 15
8021 7835 639 274 301
944 651 27 93 35
4194 1656 357 216 108
4108 1652 560 218 84
2290 1287 174 70 20
5151 934 197 199 160
5573 2022 240 253 87
9539 2988 1710 77 338
1683 1453 254 47 12
9468 5677 393 624 281
3625 2895 366 278 26
9326 653 1654 648 117
4229 121 759 276 155
314 276 34 14 3
8733 2363 799 103 304
9386 3323 1454 715 64
5339 200 50 260 19
2858 1678 162 202 83
3194 2424 265 248 3
9406 3357 549 705 157
1874 478 31 20 3
9592 9178 612 498 48
6023 5735 744 442 155
4527 3285 630 53 124
8682 4903 517 100 233
6940 4634 92 644 154
5024 2665 506 357 170
3605 21 579 298 77
70 69 7 4 1
8681 5511 873 11 80
2767 1322 289 69 108
7503 4272 724 75 49
873 826 29 86 21
78 36 11 0 2
6441 4099 40 192 253
350 255 18 1 0
2670 1597 85 259 24
7876 326 153 750 310
173 108 18 10 5
1444 946 125 104 36
2427 1156 44 171 46
6290 186 414 262 129
5425 4685 775 515 58
7641 5809 1402 64 232
9223 5459 76 597 31
6951 6211 538 456 79
6388 4307 947 50 219
3033 2418 352 226 36
2744 930 398 186 33
8838 7305 1661 694 74
3399 1866 86 78 59
848 100 118 11 6
7164 6891 589 236 8
4416 3420 761 135 85
3221 1926 206 306 2
8942 5647 1443 801 266
441 73 64 13 15
6654 4358 928 32 67
1456 453 181 141 51
2093 572 224 34 18
7127 4457 419 112 149
7185 2716 438 51 107
5291 1070 491 480 94
513 94 39 27 8
1812 1335 116 44 35
8925 3368 372 878 10
3737 2364 304 72 102
2804 496 484 196 97
8898 1127 892 650 319
9200 6167 1598 97 252
6666 6094 393 232 126
1978 1254 18 67 48
6767 4345 1100 494 6
1401 715 237 78 39
2335 1685 243 155 74
8217 1738 1323 136 310
6215 5745 454 536 11
8242 910 1296 713 158
8255 5567 1132 236 60
9288 4357 1684 457 361
9390 9142 1144 197 35
311 271 43 8 0
2270 2267 177 185 45
2721 336 250 181 36
6500 4752 438 270 240
5933 4102 1116 393 150
4399 2396 600 323 71
458 177 1 41 4
6022 4108 593 122 223
1997 0 152 160 57
7804 1511 806 732 181
8837 5511 70 534 214
3524 1912 218 84 22
1464 382 139 7 48
59 55 5 2 0
4376 2760 865 99 173
4912 552 797 248 54
8033 2993 1193 451 192
6676 1735 374 526 179
4444 4309 80 179 3
1602 3 38 121 18
8876 3212 1211 527 258
2102 181 38 32 18
7375 5353 656 60 258
7126 5956 1260 520 236
6680 270 1210 125 73
1691 982 32 83 61
311 106 13 21 7
7508 6426 918 743 236
6990 2631 496 692 110
8378 338 113 576 185
6198 1288 1221 140 114
5956 3409 1063 375 115
4754 1548 806 331 39
802 6 157 70 11
8977 2378 701 645 320
3203 902 317 43 31
6586 1687 543 381 70
128 54 17 10 1
1368 879 218 33 47
8968 3114 1323 554 189
3695 2079 475 150 14
9973 3006 1195 820 4
3726 2237 181 244 96
7567 4797 383 349 5
4496 3891 326 127 65
4261 1126 555 220 80
5083 4161 454 52 96
6713 1291 89 238 258
3533 1711 393 158 137
9482 7927 282 483 359
2982 1892 30 149 105
6132 2433 567 141 32
6066 4048 775 33 10
947 45 123 89 14
2993 2254 252 155 44
7634 2253 1391 187 76
3538 252 459 220 27
354 305 28 24 9
1221 1032 43 67 29
2002 1268 392 119 49
7081 1328 177 591 23
8867 1947 485 793 242
4789 1736 117 429 99
8426 3159 1312 110 231
7064 691 144 387 40
3970 1660 417 203 44
1515 480 52 76 21
7676 2163 371 641 90
8481 2345 1185 555 250
305 40 47 5 3
5057 1268 273 492 130
8515 4396 1647 748 205
1954 339 81 97 22
5790 334 207 562 206
6093 4340 219 377 116
7823 4831 1229 390 128
1746 263 328 57 44
7071 6049 267 68 124
1425 1347 23 100 44
7178 674 558 123 58
2807 1035 454 11 26
2919 1434 130 8 65
9756 3593 1334 284 75
1379 505 116 97 34
4216 1996 131 367 49
5980 5295 735 295 88
5896 1812 384 93 199
2213 300 68 144 33
1236 917 36 116 11
2193 1659 404 130 66
7398 4877 1371 534 235
441 420 21 24 2
728 54 42 53 13
7874 3229 334 102 111
8342 761 1068 270 244
331 179 8 6 3
3023 1369 33 180 79
7304 1134 115 400 125
6648 5192 1010 378 47
8586 1683 1122 67 5
1362 1345 181 45 43
1711 568 190 9 7
7879 5247 216 716 188
7358 3410 690 233 207
5626 1357 1009 93 5
9532 2941 1874 883 141
3191 2055 561 43 26
7409 907 283 198 138
7761 3515 858 44 15
5446 4371 851 217 202
6846 2284 652 194 71
3296 252 324 57 26
2121 1284 75 93 81
117 77 22 0 0
3643 2690 614 83 82
8180 8040 108 631 65
3447 831 284 174 74
301 97 51 19 11
7682 5295 1375 387 190
4280 774 766 259 16
4603 1966 289 394 176
5280 4640 940 115 179
976 762 194 17 6
8565 8058 1130 570 106
381 175 31 34 12
9534 3814 313 944 103
9645 5603 755 821 239
3829 2522 476 123 94
6150 1682 879 70 120
1680 29 1 95 8
1498 266 97 115 58
4147 3661 560 230 156
2096 513 6 193 70
1814 1159 50 64 32
2474 673 473 17 31
4443 2278 425 250 176
320 165 7 26 2
1367 928 39 37 5
5116 2396 151 124 164
2439 2421 410 203 12
9132 5243 736 507 135
3534 741 141 132 55
958 74 143 31 11
819 684 75 63 14
4090 3668 83 236 19
7316 3028 985 590 255
1750 433 169 84 58
203 21 34 9 0
2650 1589 62 63 27
3158 1251 512 227 33
4214 626 49 85 30
7735 6400 1284 749 280
6481 3784 1270 10 238
5534 1462 351 128 38
4472 1890 186 29 60
4418 633 703 301 171
6869 474 538 555 133
5756 2880 881 59 39
8595 7909 1292 498 222
9495 8620 106 33 81
2605 1133 7 109 52
1821 690 87 27 0
6247 4319 606 532 217
559 523 14 52 3
2057 1134 325 142 59
8010 6858 115 237 109
6457 4939 123 128 97
3017 2894 403 115 78
3542 2846 674 217 125
4071 2852 37 111 72
3577 1317 106 26 83
9254 8642 674 770 15
6170 2391 1157 604 5
306 204 57 19 8
511 261 22 12 17
4686 3593 447 107 126
3530 2877 590 211 129
7355 3661 689 259 99
5519 4080 373 273 145
9193 2357 1809 863 313
4552 119 889 131 101
8024 3711 1006 299 134
6998 2389 891 72 119
5043 3747 477 33 1
1934 125 186 162 61
844 511 28 21 17
6693 85 420 255 38
9075 5995 1370 498 128
1835 1814 122 37 13
7511 5244 1303 59 234
8436 3942 126 505 178
8061 2499 1285 584 216
4012 3769 694 169 97
7060 2555 558 660 170
9362 9060 34 212 113
887 634 48 26 12
6622 3677 780 99 228
2092 469 236 107 43
9350 6281 290 690 371
1092 930 189 12 8
9702 7739 1793 617 24
8212 7836 388 102 71
3761 586 165 300 81
1534 345 230 91 54
6389 5639 1275 118 167
6547 2538 846 93 120
3670 2667 622 248 104
4885 804 117 213 59
4950 718 624 203 36
5113 820 462 228 111
5097 2182 546 438 191
6618 1002 896 606 86
9590 1317 144 780 292
7793 5902 1049 6 39
119 75 15 9 2
2857 2744 231 259 41
7403 6262 1339 716 163
2428 1400 217 120 87
4605 1961 631 53 76
9723 5020 1835 756 315
6767 4661 1082 138 81
2156 1449 138 141 19
8400 6732 627 676 177
5005 2596 229 221 14
8366 5924 720 762 245
6897 4412 808 582 65
2338 1110 225 227 60
5006 1664 9 122 123
5216 3583 908 509 76
7584 6067 1464 11 157
9283 3431 724 722 257
4722 492 126 278 113
7052 6836 960 106 16
4063 775 140 301 104
6830 2076 968 134 22
9519 4218 1511 921 235
3466 1196 385 240 61
3764 1199 265 223 31
4354 3405 614 10 164
2764 716 166 63 58
5511 2256 679 372 167
3947 2688 332 375 62
5908 902 875 265 78
4510 1501 644 372 176
8079 2453 869 695 102
2800 1548 34 184 69
1202 515 20 95 24
1556 675 96 111 6
4831 3472 645 439 81
4624 1611 766 356 15
2332 138 433 63 90
7670 586 953 724 162
9101 3125 575 114 158
388 36 66 3 7
169 20 8 13 5
3832 3786 639 27 13
1150 1022 144 102 41
8718 3795 531 625 231
7194 1579 280 35 240
8827 846 894 491 121
8633 3828 845 22 24
7972 7498 1447 222 75
9266 4599 628 777 205
9203 712 1677 845 33
7887 3435 1127 500 30
7886 5704 500 234 294
2978 1266 450 12 24
7143 6091 797 121 49
3023 500 45 187 62
1992 144 130 33 53
5227 4780 1027 323 204
3214 711 515 307 32
6668 1998 643 622 174
2778 2577 194 165 28
3282 576 615 125 18
0 0 0 0 0
