1001.001000
1002.000000
64.253458
1000.063246
63.246553
31.748021
1002.000000
3.174802
14.555453
13.236427
18.748081
16.944757
16.567720
19.040364
17.913689
34.629412
16.817685
80.547923
46.303607
12.910908
71.442257
17.837407
11.967408
18.974785
28.655070
38.872612
63.050230
23.833357
20.631854
237.673999
30.034042
26.141500
13.867332
27.550472
44.706037
21.243197
24.849226
23.451446
32.517124
13.154071
19.097715
12.909258
52.180617
31.557719
21.552910
27.535400
51.302247
44.322880
16.756622
13.695721
41.130309
22.078748
18.994367
27.725121
22.533596
33.526148
52.610861
36.172153
30.160390
138.557071
36.264914
51.479365
16.285953
15.147474
160.896963
15.370590
13.151971
30.072959
14.279145
25.721642
167.914214
15.643324
24.572145
110.584420
39.617643
964.251976
14.332180
15.165791
28.121882
11.801680
16.999193
15.044074
14.842722
14.281291
26.487955
16.096352
18.729800
25.438946
73.571429
46.956925
32.952273
162.765092
14.567013
42.571333
30.679029
14.798645
41.054993
13.320803
37.405038
51.028427
13.877609
14.418629
17.892225
12.753489
198.353463
36.171676
332.400000
23.887788
