10
200
35539 12816 36367 3
14770 42618 31207 4
64533 22234 31809 1
65159 44160 27322 4
34692 32974 26007 3
9382 10799 39866 6
17909 14809 31918 6
16265 11580 42279 5
32347 8818 31944 3
14947 26268 29502 4
34531 22262 29196 3
24029 35783 43739 2
11188 54909 27243 4
16968 7666 30433 3
33161 39716 26917 6
13527 12872 47937 2
33536 22864 33236 5
14103 38637 42639 4
9053 10845 41210 1
18027 18963 28832 6
34334 30406 34973 1
42830 21987 41095 4
68998 27971 27783 1
49900 29560 25710 2
38126 44538 29390 6
54290 12937 35296 3
20166 13459 39492 2
49741 16350 38368 2
33088 13043 37640 6
21148 34728 43382 6
11386 27458 44001 3
69348 23877 31628 5
44666 14567 31643 4
34101 50874 30145 6
34338 17533 30335 6
60413 15853 29782 3
47405 22332 31968 4
36932 8925 44024 3
21064 29476 34255 1
9670 24655 30090 6
38488 45021 26478 1
45861 31387 27303 1
14413 20268 40065 3
49225 29297 29399 1
59238 42275 29573 3
23641 11546 36484 1
87389 11139 29070 6
39615 13213 34399 4
32431 44570 26065 1
74920 29894 26378 2
64555 13233 30094 1
47977 13197 39916 6
13230 37032 42163 4
79697 19665 28261 3
39259 45085 30421 3
15110 38637 30311 5
9338 8126 38748 4
29675 37322 26289 4
87594 15887 28583 2
27647 47953 25862 2
62526 11700 36095 6
14850 31775 33896 6
65697 22647 33165 2
14482 8097 29593 4
54711 10438 40549 1
23224 33073 41364 3
11933 30405 50186 2
55908 45869 29626 4
46760 10446 30387 3
21795 19970 33797 5
11733 47990 33653 3
30162 13681 31258 2
61455 13843 30093 2
37430 14722 46628 3
34831 21905 40785 2
56126 44221 27421 1
34841 35292 40118 1
59144 16949 38924 2
10824 35203 42723 6
24073 23575 40300 5
66809 13920 35322 4
92536 12208 26617 2
58990 11831 27843 6
19646 10968 42733 2
31989 23699 27924 1
60064 12100 31727 1
82468 11952 27049 4
21571 26127 33903 3
27186 16307 46077 5
47073 28478 30484 4
34133 28586 27228 2
34980 7793 48563 2
22399 23888 48217 5
21820 36421 32307 5
15363 43368 34661 1
42572 40224 26908 1
17113 16042 35786 1
21066 39318 31150 3
12379 28326 28842 4
72287 8846 27173 4
63654 20045 32476 3
11093 36908 33850 2
44356 15611 33617 5
13968 36746 34055 5
17752 23483 41850 4
21259 40930 27735 1
47462 40990 33609 3
59484 46189 26978 1
22776 36545 29184 3
59859 16477 29135 6
45824 30019 37987 5
80284 13699 31545 4
69851 20489 28800 2
52411 33105 33627 6
11462 48239 31344 5
34411 34011 37612 3
21283 28012 47522 2
69830 44414 25913 2
35114 23349 35627 3
46009 31756 31569 5
51886 54435 28003 2
17525 22688 49499 3
14268 10506 36355 2
25248 22197 30847 1
17784 38912 32032 4
61139 16204 38638 1
38653 16625 32113 2
55849 53055 26660 4
19252 21260 35592 5
42718 12222 33590 5
13304 12851 37905 5
33983 23339 36808 1
55954 10056 25888 3
11362 41998 40753 1
60248 35608 27177 3
9260 38396 31035 1
17358 8107 38045 1
57686 13974 27972 2
65492 8563 32634 6
27169 20997 31897 3
49199 8359 31412 2
19138 33033 38457 5
39510 8170 39938 4
59290 29256 26891 6
55023 35718 29471 4
22790 37086 41525 3
42444 18929 42913 4
17103 24644 47667 1
24288 35839 41983 4
27441 11533 49526 1
94566 9737 29604 6
14978 17356 37111 5
37783 20055 42346 1
24981 34597 43518 4
41755 8487 44543 4
28382 12564 44661 3
33607 26771 42943 2
27229 10088 38571 3
25308 28093 46557 2
48370 24358 27619 3
30953 29617 43542 4
16959 15307 32273 1
58229 31622 33636 4
40183 47801 28371 6
28359 18893 44627 3
26689 32887 37632 2
29829 33220 36519 2
31604 7834 34731 5
58707 47798 27742 4
30542 20303 26913 6
39320 39673 36995 5
18807 40292 37031 1
23507 8112 37894 1
68936 26496 27836 5
16924 15046 42768 5
71919 9797 28562 6
43025 24476 34003 2
13391 39288 37892 4
72395 17100 31225 5
46794 10637 40553 3
16783 12592 45257 2
35497 51601 26392 3
24830 11191 48691 1
46536 41240 29928 5
9372 35545 30685 6
10021 44373 30090 3
78038 33339 25764 4
66180 10981 27277 1
45286 9087 42215 5
86905 26717 26223 2
67342 28904 27725 5
56936 25289 27946 6
60181 9647 26023 5
22182 38199 39805 1
14481 29813 34185 1
75950 9216 28215 6
62999 37959 28068 2
21094 30992 39629 4
79325 12131 32309 4
76933 12331 30137 1
100
766730 378943 726450 3
563815 555207 46548 4
541290 61612 123236 1
264743 131778 858146 4
887804 618746 806701 2
948350 193326 650383 1
851944 763255 862266 4
378946 280955 773400 4
389202 915174 189889 2
682755 736430 421813 4
934336 276971 417147 1
502149 682790 478204 2
122254 916463 477444 2
939375 900968 647720 4
795589 388591 470465 1
688464 665910 269001 4
274455 550476 769485 2
247169 184604 2634 4
363121 692647 806491 2
221049 244436 349157 3
870356 398940 50189 1
143496 249216 6362 3
383400 812174 120890 4
140210 507013 262010 2
974914 105731 282522 4
523602 632977 541613 4
445575 600164 658430 2
921889 618390 66600 1
166229 268367 314481 1
649122 832695 188854 3
899422 733601 591347 1
874489 632579 943845 2
507176 569156 889467 3
553188 768296 551117 2
438522 994686 424978 3
186010 263677 168796 3
876700 550308 769607 2
955151 458471 497650 4
575908 161320 942939 2
321822 735403 691954 4
904271 57836 23516 3
380864 13204 204186 4
549866 855256 35255 2
118068 258349 415200 3
382353 724679 581752 2
615417 567997 352889 2
675088 192406 110629 2
573633 977228 642753 1
504518 356231 934366 1
263707 267029 747358 1
861305 450030 562282 2
512467 358119 651908 2
390384 852092 640190 3
247633 25927 307915 1
221583 457440 845233 1
560468 901299 740269 1
566427 658987 579018 3
295933 333330 325572 2
615014 535140 818809 3
851444 347603 65937 1
521130 514604 846473 2
553468 768546 454296 1
101329 362266 858503 3
966380 641306 744691 3
486103 405554 357872 1
95950 151514 472655 1
434394 899649 302570 1
304043 771272 102443 4
564378 459182 413564 3
663274 191835 568275 3
22264 361643 325451 4
916514 757280 491287 3
682344 206343 125261 4
849157 919237 454006 2
817703 984903 884082 4
751327 413486 719618 1
480282 11846 940011 3
850102 729746 219766 1
7009 863732 961788 2
285567 169174 88948 3
8501 10603 475691 2
313840 200024 288826 4
743658 860711 150066 4
100025 374182 274868 4
786591 698667 307641 2
605718 939660 609906 2
500056 761460 889792 2
295421 526435 723418 2
888358 422713 840605 3
634162 143120 633688 4
332965 6726 915688 3
969200 758192 103239 2
520347 328736 383625 3
41117 228144 677477 1
529018 47503 360256 2
10098 931131 226871 1
396622 118038 33506 3
987375 613188 968652 3
229173 202774 778422 2
758870 935510 643314 4
1000
100600 114342 34423 4
106185 24243 99523 5
272511 42714 53325 2
230477 53980 60574 1
162028 47696 39280 3
214543 62132 30992 4
35496 81085 44892 1
102648 69150 80695 2
119546 100901 77449 5
238361 117164 17337 1
8298 144006 16916 3
286892 84705 7628 3
32071 12578 43467 5
46297 71639 99956 2
118210 71752 80826 5
30811 83206 55061 3
88602 18312 119737 2
348330 13970 44647 3
142515 51248 37426 3
59906 50413 52951 6
52804 27421 85049 1
48121 10322 81281 5
100019 42755 50763 2
239610 76607 19310 6
321855 49681 39062 2
13855 155307 90486 2
207593 132905 23704 1
97757 81889 89425 6
1392 61728 37828 5
125982 202091 44717 2
117020 20906 48410 3
127012 41369 79731 5
100443 104765 6462 2
233210 136511 2032 4
180952 104977 10172 1
146730 44603 56479 1
77035 77785 9086 6
326898 7261 38840 3
326294 77657 23280 4
20377 1969 30729 4
45479 100710 14966 6
35179 131013 64046 6
143550 119043 63451 3
11156 108451 97635 6
118853 55617 71809 5
213031 35138 12257 5
277491 92388 21926 4
151977 114610 25945 6
167954 137858 40430 1
306572 48579 8596 3
222411 70036 61658 5
340267 63188 5437 4
130599 33496 41099 4
98702 200332 4222 2
168747 23812 30242 5
1167 158413 42520 6
40527 44882 48696 3
192066 88692 5854 4
180862 19896 75078 2
214385 135045 28767 5
129907 18891 27204 2
139040 135564 61189 3
111016 131466 34725 6
45231 22753 11758 1
228515 50645 41258 4
143488 146067 66864 4
172327 70791 5555 2
213419 106387 36998 5
91366 38910 35440 5
172838 48249 34746 4
102245 133312 26015 6
177217 105291 47817 4
112280 79215 26227 6
205612 74558 54089 2
280071 67837 25827 6
206748 133735 52878 2
125467 114906 1705 3
240077 13151 67208 2
170756 68857 4691 3
138463 95867 67052 3
92038 30184 125084 3
126557 88802 29560 5
82430 97614 24799 2
15089 144427 19820 3
86021 126608 62351 3
292710 129372 2927 5
253951 90169 47816 3
109351 18227 63261 5
81833 159413 15886 4
278552 17882 49231 5
1252 122292 79503 6
119188 43282 54979 4
307507 113559 3819 1
62770 115503 79113 4
86599 58335 113800 4
269904 31458 19486 5
273053 71176 14077 2
292314 203009 916 5
188427 240015 5681 1
162600 230766 17411 2
52523 14030 31035 6
283089 35180 43844 6
151502 135183 47430 2
248494 123611 36984 4
263248 107066 31845 3
57070 28678 123816 6
232801 52433 43970 2
77056 141975 25282 5
311326 17251 7161 5
106611 222641 24205 2
132246 4608 27631 3
17938 88847 51186 2
136287 202735 22182 2
28498 142247 86437 6
92079 30369 59638 5
139356 95665 39979 2
17816 123635 18919 6
39466 91122 24816 3
113077 170254 49994 3
368295 28528 8862 5
248944 9455 57516 1
295206 33976 41233 6
74169 42614 52258 4
115682 181943 18534 3
219435 101166 12906 1
212857 41884 30258 1
56156 2945 119789 2
361333 21289 36530 2
43941 232904 1115 4
227557 77073 2363 6
191228 160224 49957 3
129105 165941 22326 2
413169 15487 22317 4
275198 57050 46267 3
120769 83425 85792 4
46056 54040 80597 2
140819 184542 45075 4
198640 203225 26766 3
138811 30942 28248 1
173477 206108 29940 1
220858 126807 1161 6
4333 112105 108394 4
314360 51107 33942 5
327070 44728 41915 3
232782 173204 18364 5
42833 200044 12315 3
250085 2749 12986 4
160299 22749 75945 5
65473 92577 98810 3
4438 88812 114770 2
36856 195478 55356 6
175146 80848 76717 6
124917 129369 49996 5
169119 7713 35845 5
364975 97741 1218 3
143835 111213 68857 1
247745 123757 21269 4
122547 66999 75209 5
68946 100177 49215 5
39176 23704 27382 3
104492 96373 66846 4
64992 220892 3827 2
181665 41095 25760 1
39056 186039 32769 4
330210 52410 31895 6
76109 43172 67233 5
185431 94327 72759 1
23653 92902 22357 1
10748 93559 125422 1
165994 179324 34732 5
926 35821 81908 4
36245 188617 54309 5
253741 88572 19298 6
204652 210856 8193 5
302615 153770 4372 1
30149 76450 8681 4
281348 86541 23025 3
363120 8283 4370 3
20359 173393 23814 1
270989 57375 40686 5
166600 53787 35540 3
110699 142111 52854 5
24589 78786 6408 3
98962 239915 2447 4
69594 101048 61638 3
71388 144803 85130 6
133996 225762 24933 5
7812 81684 72949 6
100054 233862 3086 2
35127 235600 9568 5
106764 73501 3248 3
137168 25006 78675 3
181665 17195 35924 6
182332 187778 33370 1
10415 92839 82518 4
239402 166311 23544 3
207979 27647 52982 5
255566 170362 12189 2
71388 36686 12504 3
194826 80680 36269 5
11386 203775 16354 4
224182 176473 26225 1
157104 73195 61592 6
52300 143970 30486 3
98873 13481 23565 3
24534 44516 45879 2
24474 2584 70853 4
125967 206921 1036 6
197208 66576 69932 1
197390 128239 26789 1
289861 5835 39190 1
428 158457 85128 1
100622 59015 67394 6
77619 136567 49621 2
95538 59735 110999 1
197477 74098 2989 4
130334 32752 95540 2
291752 31254 48245 4
6937 130450 105721 3
230815 72246 21473 4
341902 128131 4794 4
108841 207295 23888 6
333606 36835 13414 6
212917 5401 76613 5
193392 45574 52216 2
17434 73242 72664 1
133865 51666 80957 6
317667 8573 44172 4
6133 21517 53461 2
294450 19389 43345 5
143951 121431 3983 6
54947 37836 84512 5
124305 192581 28860 5
61086 95475 3024 4
304933 2625 60224 5
135986 170571 14584 5
85828 93040 27046 1
72519 119252 58633 5
161931 241714 8117 2
226997 13735 29854 5
49434 66939 6033 3
276176 16300 16188 5
187417 14130 25976 6
192714 128558 10770 5
180602 15773 76149 3
18899 166608 17810 3
154385 14242 21673 1
95403 137818 71560 2
225405 153051 24915 1
306965 2931 50831 3
61400 164158 14094 2
277323 108650 36088 4
430642 42803 6525 1
167862 28195 90928 1
253846 221878 8089 1
389892 41884 11116 1
107955 125884 80206 1
241080 86717 55812 5
147795 136032 31937 4
239517 10009 57180 6
23771 228154 5484 1
117772 54780 27998 2
3954 166665 73733 4
157558 40077 101741 4
53817 162708 53897 3
411270 48908 12334 4
261040 29745 1614 4
11657 1256 36619 1
53497 4527 103200 1
10009 25261 124804 1
292501 42650 3888 5
109816 97033 77318 4
229395 17741 84778 4
82057 38811 29151 2
170516 222187 1357 5
106807 39048 18811 5
160438 156753 4851 4
573 123190 104417 5
123346 87455 27991 6
10292 5588 13551 3
31440 140073 20781 1
175723 9596 72248 4
103807 205381 44115 2
334127 13335 47755 2
189795 6950 84217 5
350952 16912 26815 1
175098 83094 41378 3
333572 20462 10159 2
132795 77663 5174 4
210957 60379 72839 6
315495 9510 53797 3
191984 25594 29466 1
117958 127156 54151 5
110407 123013 84889 6
185554 128578 5526 2
270050 51594 7721 4
96104 71356 4995 5
160085 34712 45653 5
291430 102193 6203 3
246763 92145 10906 2
64781 75186 34198 4
222259 164559 12695 2
198702 110085 7871 3
301449 106237 7871 4
354408 116305 9272 2
225352 27830 28168 2
75337 36794 104892 6
75683 194595 43626 2
248425 27873 19174 5
122069 145986 4916 3
152499 114156 15314 3
97421 5369 25015 3
267001 31613 50647 6
68074 169676 2952 6
55630 177219 22901 3
336630 45503 22899 4
219776 1205 26860 6
155334 147326 20081 5
137257 26155 43408 5
310838 39717 49007 5
205333 13017 5174 6
104770 102524 41807 1
75025 88388 84360 6
20925 177632 39757 2
278358 3372 37070 3
144135 42626 38418 6
249635 68477 37328 5
195723 71569 50319 2
260511 15377 16469 1
79146 228421 13066 4
166627 18367 10344 1
40072 33423 61419 2
265542 17773 46198 3
28591 69172 66186 6
260092 116382 16943 1
39744 105232 36895 2
65270 59540 83210 2
112796 68678 33684 4
194431 161992 46407 6
23403 42776 51017 3
48607 177086 37311 3
87268 163688 41412 3
199108 76325 19059 4
241661 182612 10338 6
126695 42573 1783 5
37995 97997 89421 1
217525 159436 17559 3
122056 92071 58111 1
147084 30554 66772 2
89641 194010 6777 4
187037 78833 20486 2
354601 38568 5271 3
91508 25819 74363 4
380246 17633 9778 6
73432 33592 43519 1
32984 189423 18731 5
36385 94512 111225 5
184678 4501 35794 4
174840 16990 92840 5
116308 105092 32751 4
180387 53270 46779 5
397104 19705 24555 1
2606 5822 91193 1
141230 121149 7509 3
139117 68049 6971 1
40062 192000 50250 1
283565 28125 11728 6
146562 102361 36405 5
217147 228215 2251 1
51873 173735 43888 1
250663 14145 42626 4
17016 150078 31571 2
200749 38688 23252 3
245047 157706 8473 1
128401 68770 84138 4
393404 29338 14520 6
68000 133096 41856 4
133541 19060 42088 4
37538 115688 2155 6
123861 150119 36242 2
23004 100578 113185 6
20575 140729 79078 5
146460 14730 46265 2
90829 226120 17630 6
54819 174709 5826 1
129165 76020 89737 6
199495 61044 36006 5
175521 105803 70143 2
198085 64602 9509 3
257244 189787 17290 6
290518 97988 8515 6
154297 24627 53872 6
87426 201536 28371 1
131496 165293 48172 3
310222 11342 5979 3
37834 123260 98871 2
75111 2885 124002 2
151874 210860 1550 2
113081 21441 115840 1
103848 44145 38677 6
217314 197267 3444 5
106726 161371 64044 4
201897 15371 83770 5
148877 12028 34275 2
204899 138739 47879 5
1177 23063 58888 2
52348 93521 43608 1
111199 14780 13280 6
81136 62021 38089 5
174609 137349 24134 6
99797 64135 39539 6
99183 182958 65109 5
100032 218674 30138 4
87748 123658 14770 1
10463 132343 16402 6
4415 16138 86242 6
227220 56881 5898 1
93717 192587 40360 6
104595 18806 72502 1
53469 172255 68785 1
118064 86249 49932 6
83824 63885 103474 6
17161 223493 4598 1
44396 22720 109681 1
135323 65497 49582 4
146467 24487 22172 6
139454 7252 23110 4
204796 85953 47400 4
126032 179595 1421 1
70278 102037 28431 3
207530 200361 18483 4
121654 24516 80833 3
130970 84158 57217 6
129339 63047 41677 3
218737 168398 23871 6
145941 84885 32934 6
46582 121324 6666 2
65461 11543 34882 4
185388 101986 21412 4
67619 127870 63217 4
37872 98886 17611 3
241177 158935 16140 6
238741 9469 64365 6
115258 89906 44834 4
21219 63852 71866 3
73755 85407 108627 5
141631 163892 3501 6
69264 134510 70932 6
176313 90747 7121 2
84559 51561 2199 3
168508 227204 9916 3
315959 97532 26391 6
152397 26334 7226 5
108570 5059 67323 2
59905 130833 26435 3
96858 47395 22805 1
27334 116032 94123 5
155495 80211 47138 2
15697 78820 109953 1
96202 152271 25516 2
192192 226532 7819 6
49410 134764 53959 1
115843 98642 95027 6
293307 16262 61803 5
39743 187154 4155 6
99235 104314 7527 5
236105 82908 11325 2
48669 16052 111220 2
272314 123124 32020 2
139035 118481 81117 4
71497 41191 38745 6
129443 146433 61651 4
287398 26208 18489 1
22361 128542 114610 1
126662 177192 23539 4
116945 33786 94691 4
163469 36856 27455 5
123450 150919 53062 2
81375 131979 6525 6
64332 136541 7468 4
113075 39514 41373 6
6230 65220 19496 2
186590 17862 77500 1
197025 41838 78698 6
74145 210098 40573 5
93972 28291 117564 2
79518 6375 43512 2
325766 19881 51396 1
337494 19163 19959 1
83473 22013 107254 4
322294 147166 9469 3
353572 25683 29539 3
40469 136553 65094 6
308773 63037 34640 5
29929 34029 15447 6
312127 66958 16598 1
177261 25661 74207 3
169574 120016 51867 4
118126 97205 92431 4
186461 27828 72932 2
149143 75175 27131 3
198167 5300 67942 3
66699 121195 88205 2
273736 207345 6199 3
299515 29440 21579 1
45885 49258 71969 1
366974 43383 17599 3
241406 1979 56430 3
306364 43852 21986 3
31260 3173 83363 1
194558 6205 61246 4
7075 171883 74851 4
138328 16269 44169 3
247930 14687 5159 6
199947 206115 24499 4
2987 15062 63990 2
32503 167702 15940 3
71417 49096 45143 3
111788 73490 21647 5
161726 162251 15663 5
132278 16009 88057 5
21982 169906 18820 3
138176 201572 1095 5
185134 177599 42974 6
10637 93326 27906 3
297454 1588 6930 4
278512 79662 46648 3
35895 43865 6327 1
10421 68808 17275 3
113336 205213 6180 6
147953 17937 37596 6
686 136675 60304 4
20564 143200 97531 5
148628 126786 43417 4
350309 74135 21597 4
249592 75979 42671 4
66654 16046 68840 3
288081 72491 5178 2
94970 157308 78662 2
111943 173001 49785 5
197981 57959 31525 1
20873 126185 48310 2
120764 65480 72326 3
110738 173111 56997 3
471602 6972 7385 4
93526 93022 80184 1
126382 162946 7419 3
116931 103282 6898 3
242745 208284 10926 1
229735 69279 3974 2
183587 7764 100446 6
90157 93677 6420 6
75916 199414 26068 2
59494 219861 4251 4
209710 119495 53828 4
96276 116402 39215 3
292283 140611 8532 4
157027 230152 1306 4
135374 151364 60307 6
55513 45332 30268 1
35205 115720 56724 6
277649 26013 21374 2
100335 77348 24718 4
158551 89677 61766 2
207635 126037 38100 2
221031 40261 13759 5
34582 83940 43373 6
208854 99374 13441 3
227338 1000 64565 3
36851 30717 44126 2
63910 153392 7218 5
251352 20211 23187 4
229098 169876 9513 6
305102 140323 10080 2
67769 160598 6865 1
59438 173173 29135 3
4430 104298 24820 1
204106 187474 24370 4
273410 29666 55705 2
216721 122199 46962 1
259026 5756 70585 1
27968 1851 9325 4
72057 93033 49333 2
351742 7015 17619 5
174051 240583 1484 3
229651 199571 15559 4
66504 24549 9261 3
68156 168275 11311 1
75672 116498 64754 4
45647 105166 84010 6
9548 136082 108367 5
154635 32582 54992 3
91074 115540 80160 1
79807 171481 75315 6
194249 128118 14589 1
89729 104517 86588 3
95650 145468 68659 6
308254 139206 17332 6
241407 51809 34501 6
50445 15392 34237 3
30088 170121 36432 5
239125 227950 7930 1
162361 23327 19015 1
165580 50046 86646 4
92149 171475 44297 3
159673 123319 8727 1
106520 22610 79895 6
166885 114818 50742 6
291568 91842 35625 4
197320 55755 79047 1
314407 27806 22077 1
254279 44102 45504 2
65813 153437 91258 1
77711 48118 34046 2
70823 4600 25012 3
46417 30209 82232 1
58857 97792 10081 3
126382 13853 116208 6
35764 1324 56828 5
249268 16325 5392 6
150873 170274 50326 5
90900 165836 37746 2
135507 121696 76781 1
277771 51369 6854 4
21881 143008 37766 1
186453 124354 47936 6
164403 157045 47325 2
266763 89454 3791 3
41322 43673 67496 5
149227 15389 100654 2
444484 34223 2352 5
340710 143210 3013 5
57406 132101 47881 2
14659 75415 93128 1
198890 206831 19192 5
322741 27392 16492 2
153871 66212 69540 5
5172 42513 113462 4
122258 101213 72411 4
92711 164419 27343 6
120981 98916 53781 5
166857 158409 48853 3
7744 111629 81195 6
235140 40960 47654 1
59516 209272 29596 6
16304 177988 26090 1
90598 163228 37139 5
111647 43080 28825 1
304915 44740 45361 5
29999 100473 70669 1
80816 9319 104273 5
15060 155514 20274 4
156063 50975 96024 3
240434 113861 23701 5
39258 124136 13118 2
36801 65028 50623 1
169885 143745 37929 3
227725 59076 68447 6
338646 64168 25357 5
81241 187172 31937 1
266015 71223 25503 4
243046 83370 51588 2
250954 32774 14997 4
213629 227558 17087 1
321688 32805 32574 2
20154 212753 34075 6
361968 78662 11595 6
145679 21492 85132 5
108788 136654 36518 2
189923 18680 53226 6
96038 112344 71630 6
223096 46083 6406 1
36812 41157 109160 1
93539 156062 62449 1
41351 57052 39196 2
86261 133962 67575 4
305299 16403 12249 1
206085 10736 45676 2
115964 46337 88453 6
129782 212129 13669 2
216373 51814 31805 3
70532 173021 45590 2
207368 5223 68402 4
205255 22734 81352 3
79541 117682 75005 1
49241 150577 33708 5
209251 127704 39852 2
101251 17670 107689 6
43869 52514 5306 3
192925 186646 20095 1
121846 195217 15030 6
81861 180907 39629 5
8105 12878 64369 6
134504 137733 21639 4
22785 92207 108528 2
362709 9486 13281 1
187152 46852 76821 6
194265 9252 72596 2
91563 27573 100710 2
24619 75313 74381 4
187900 54635 17688 3
129065 12215 106507 3
200260 135878 10361 1
282324 12308 61973 3
137007 162595 15642 4
106799 79376 39638 4
159591 131056 28070 3
243990 66970 42000 1
132578 128978 54822 1
262211 1084 67399 3
311240 35866 34889 5
321961 62833 5438 5
316722 22876 45746 5
240006 30154 64952 4
319851 34346 17076 3
81755 170509 4948 4
103642 24317 75496 1
328638 45454 30378 5
151625 14434 96406 4
273812 72834 52129 3
72950 20556 109545 2
201493 119348 38687 6
76227 8131 109062 2
242722 26790 63027 1
117563 21143 117113 3
82505 54317 89556 4
327942 3413 37473 2
238216 137536 12589 2
90465 47281 6809 6
103044 78232 72713 6
4389 43240 66195 4
51126 226219 21096 1
6593 63911 66336 2
110531 91950 86358 4
86748 81847 76957 1
86890 107120 54148 1
54397 157898 16363 4
360569 64504 18807 1
37503 210907 10554 5
80459 73081 8033 1
148952 2629 10364 1
25958 134336 62338 2
12932 100308 69777 2
124087 1536 2148 1
135805 123542 52504 1
109193 143024 13225 5
178681 146386 2461 2
163541 70596 15284 6
227748 204037 14432 4
71192 117498 78853 2
180215 90042 57439 1
330568 8232 24214 3
77557 136166 70810 4
134346 17530 63984 3
124469 45078 99158 5
285089 26542 45830 1
214546 39023 36939 4
37562 138826 14567 1
120158 129122 17870 4
40605 119218 18120 2
227962 45091 69867 6
46421 64513 15893 3
82243 10817 80126 6
278302 131102 19929 2
214249 85977 20329 6
307054 110547 9010 4
215981 79521 47717 2
49120 163112 44466 4
111656 166716 63339 1
324733 34621 17532 4
91238 84253 20738 2
256210 5788 31639 3
90936 208188 2871 1
145478 229451 9659 5
212729 165335 7393 4
15047 169899 80214 2
112035 88304 78500 1
170059 59540 39095 1
174433 126970 10435 3
143153 31099 14792 2
5507 193994 37912 6
156944 77320 66467 2
265852 2204 63417 4
64184 77614 27661 2
188601 61912 58647 5
192233 40104 61678 2
163685 59086 31327 4
58315 177159 72508 6
312094 76945 15710 6
61657 119486 52242 6
172134 8247 94230 6
54670 183764 52798 5
202251 146484 7642 6
102498 15074 66719 1
97205 117610 22083 5
223632 126345 28727 4
130797 141911 69003 3
385600 45624 9535 4
277666 151796 12065 2
146161 23180 87650 3
107562 21356 37229 5
94030 6911 123828 6
129210 214756 5249 4
122214 110526 11352 6
72008 87818 96457 6
175693 56854 41399 5
304913 70471 25355 2
198394 150470 49070 2
86355 108765 5924 1
60881 117266 30304 1
383852 11292 1982 1
40584 137258 23459 4
132291 116099 33429 2
39948 138595 23703 6
149115 150045 39100 6
139454 37245 42812 3
104978 193649 14721 4
177109 166422 51925 2
207343 207136 14455 1
304499 43592 46351 1
171084 115832 15590 5
45075 77487 3930 3
227408 63345 10607 1
32519 101123 96677 5
407404 23230 9253 4
89192 135531 60830 6
38049 183521 52205 2
197219 175752 9069 3
430759 3367 10522 5
3723 83825 44447 2
67339 56455 11309 5
293648 30657 10518 3
79999 246231 1365 1
166968 146251 6961 6
218989 96876 37522 1
204580 128636 28749 1
88068 29196 6547 3
1394 73927 104571 3
164934 63781 86053 4
229440 148002 13855 6
363791 8845 19167 3
168566 2316 44179 4
273044 61878 19394 2
215376 60100 46561 1
119229 232026 1240 1
158583 177353 18235 3
121967 48804 62253 1
102078 120770 20387 5
2009 222996 25416 6
120751 75535 10976 5
361325 2189 35275 3
86322 136632 56221 4
81196 115068 95258 5
153971 159089 43590 4
217689 34711 42366 4
254163 147691 33163 2
141877 72395 21743 2
98098 18820 37845 6
159775 56044 83201 4
925 74061 98960 3
247596 204329 11112 5
180219 108203 65103 5
60130 128971 104571 5
155134 22871 46770 3
211398 69226 22989 2
5416 1588 15414 2
170625 109405 47558 3
408720 46709 5443 5
20141 50365 107724 5
200295 125275 41920 1
116271 35763 58109 6
156125 138053 3709 6
290263 59569 48934 3
72652 38532 43140 6
103959 16750 92815 3
95037 3741 28418 5
169143 40772 32815 2
100618 54495 46576 3
46715 191180 7815 3
26757 171272 45157 6
210711 62146 42409 4
292289 63872 11357 5
17756 101345 93003 1
85828 99053 61340 3
53978 157188 10171 3
292882 30404 14453 5
96136 36623 25354 4
238167 89941 17223 2
262308 96700 45311 2
193135 101519 60785 3
170216 137548 20362 3
180921 50555 84524 2
219097 148182 34482 5
275422 177046 10388 5
272683 26828 52775 4
222355 55059 68182 2
152941 132031 41716 2
275033 26393 41597 5
310530 10992 55395 5
309957 96379 13471 2
25349 116132 17202 2
55650 44403 63870 5
149260 31875 13488 6
207418 27178 31096 1
29425 126567 57208 4
101730 160692 64755 4
85455 11084 67237 2
96117 13723 108268 1
139725 106856 67547 6
77717 63849 34785 2
46691 71424 38460 3
39331 97734 59228 1
127051 76386 38869 4
157002 119901 30734 1
287012 179749 5222 2
129412 10559 63266 4
250201 133514 38082 1
85948 199799 29143 2
213384 186292 23580 6
84118 142090 26869 3
198150 179998 28211 6
289141 125768 15375 3
36466 17181 33234 3
198727 55149 49507 3
195089 132423 32103 2
137432 156786 12295 3
284070 131771 25229 3
116240 57243 16097 1
30193 86157 80906 3
79110 86312 36518 5
360118 22762 38647 4
4987 81566 26952 2
93583 69344 52690 1
295853 62999 12024 3
336953 48127 32697 2
54623 126695 12895 2
112024 32680 61065 1
50644 132735 100819 6
156776 197544 30743 1
77741 57303 6878 4
39857 43395 37657 5
201560 10327 10723 1
310864 17089 2696 4
259205 142144 3708 5
162780 169354 52283 3
66800 104980 80990 3
67070 36950 21731 5
29387 66790 19783 4
409441 26703 16582 3
369995 29379 33076 2
204019 134879 42636 5
144247 43701 53077 4
126663 40713 45006 2
134344 56505 72051 3
4193 199662 19530 5
263802 5618 49278 6
315071 71922 13081 2
359978 83606 4616 2
92073 191550 33238 3
12396 58317 90397 2
68581 128506 2747 3
280967 38033 36341 1
259138 10032 46243 2
258789 135932 30229 4
2371 119811 81239 2
105146 66394 45757 1
55240 96412 106534 5
156489 189217 25661 6
12316 139325 50993 3
38396 100762 69324 1
216087 70001 7525 2
100101 97316 56368 5
274219 14050 39717 4
132384 99352 47446 5
78259 151788 10744 5
248784 148571 26967 3
241468 17306 28084 2
65474 107641 52808 1
84796 10680 38416 6
13023 154674 31562 1
225933 232890 3124 3
75128 50460 63795 1
176035 62212 62901 5
83496 190174 50407 1
100516 95505 60914 4
15261 6240 87974 1
275747 32767 52328 6
119333 215423 1209 3
43126 215628 27380 6
10355 75018 85838 3
19834 70464 72035 6
132822 68024 71963 1
78533 199153 44071 1
36269 98357 70009 6
42549 55697 51825 4
251926 98027 10442 5
84394 169768 1112 3
8359 57396 20463 1
91114 148233 31197 5
30402 122404 49499 4
700
90 30 60 1
60 30 40 3
60 40 20 2
50 10 40 1
80 50 20 2
90 60 40 2
50 70 50 3
60 90 40 1
10 0 40 1
10 50 40 2
10 40 50 3
20 10 50 3
20 20 10 2
10 0 50 2
50 0 50 3
70 80 60 1
80 80 10 2
60 0 10 2
0 20 0 2
30 0 20 1
60 90 60 1
50 50 30 1
40 30 20 2
60 60 50 2
90 10 20 3
70 90 30 2
10 50 60 2
60 50 30 1
40 40 30 3
60 50 0 1
20 80 40 2
40 10 10 3
90 60 0 1
90 40 10 1
20 40 20 1
30 0 60 3
0 10 0 3
80 60 10 1
50 90 10 3
0 0 20 2
70 50 20 2
70 40 60 1
60 80 10 2
60 80 40 2
0 60 10 2
20 50 10 3
0 30 0 3
40 40 40 3
90 50 20 1
50 60 20 3
60 10 10 2
80 40 10 3
10 10 20 2
10 50 0 1
90 90 40 1
20 30 30 3
80 0 10 2
20 40 60 1
70 0 10 2
40 30 30 2
50 70 40 3
30 60 40 1
90 50 40 1
20 60 40 1
0 40 10 1
90 40 40 3
10 20 40 1
80 50 30 1
30 70 0 2
0 70 60 1
20 40 10 2
50 0 20 3
90 70 60 1
20 0 30 2
40 60 60 2
70 0 50 3
0 30 30 2
20 70 40 3
90 70 30 1
50 40 50 1
70 40 40 1
90 30 40 2
90 20 30 1
0 30 20 2
50 90 30 3
60 70 10 1
90 50 50 3
80 40 60 1
50 20 40 2
30 20 40 3
50 10 50 3
0 90 10 1
60 60 60 2
0 50 30 1
20 70 0 1
60 50 60 1
30 40 30 2
70 70 20 3
30 0 0 3
60 0 20 1
20 40 0 3
70 90 40 2
30 30 20 1
60 20 0 3
80 50 10 2
10 70 50 2
40 20 10 1
60 70 60 3
80 30 30 2
0 40 20 3
0 50 50 3
20 40 30 1
0 40 40 1
80 60 0 2
50 80 30 3
90 20 0 3
0 90 40 2
10 90 60 3
20 20 0 1
30 70 50 2
40 20 60 3
40 50 30 3
40 80 10 3
40 0 40 3
10 80 0 2
20 10 20 1
10 20 30 1
10 70 20 2
60 20 20 1
20 90 10 2
0 50 0 3
10 30 50 1
60 30 60 2
30 10 50 3
70 50 60 2
50 70 0 3
20 30 20 1
90 80 0 3
90 40 30 2
70 90 0 2
30 70 20 1
50 20 50 1
80 20 50 2
50 40 60 2
90 80 40 1
60 0 40 1
0 50 20 1
40 60 0 2
30 60 30 1
50 0 0 3
0 70 30 2
70 50 50 1
10 20 60 2
20 40 40 2
50 50 10 1
30 10 0 2
80 70 20 2
10 90 50 1
30 40 40 2
40 50 40 2
10 60 10 3
80 70 30 2
80 30 50 3
20 20 20 2
0 70 10 1
50 10 0 3
30 10 60 2
20 10 10 1
70 20 20 2
40 50 10 2
10 70 10 1
60 20 30 3
30 10 30 3
40 40 0 3
90 60 50 3
60 80 50 3
60 40 50 1
80 30 0 3
20 60 50 2
50 40 40 3
70 0 40 2
20 70 50 2
40 70 60 1
60 20 50 2
20 0 50 3
10 60 40 3
30 70 10 1
90 10 40 3
70 10 40 3
90 30 10 3
0 80 20 3
20 10 30 3
90 0 50 1
50 90 50 2
50 0 30 3
30 80 60 1
30 90 60 1
40 50 50 2
40 20 50 3
0 50 10 1
60 10 0 2
60 30 50 2
30 70 60 2
90 50 10 1
10 90 30 1
70 60 20 2
30 80 0 3
30 60 50 1
20 20 60 2
30 10 10 2
70 80 10 1
60 40 30 2
40 90 0 2
50 80 50 2
30 30 0 1
60 80 20 3
50 30 40 2
80 0 30 1
90 20 40 3
20 70 20 2
60 30 30 2
20 0 20 1
80 40 50 1
20 50 20 2
10 80 60 2
0 40 50 2
90 50 60 2
40 10 60 1
90 10 60 1
80 50 40 3
70 20 0 1
50 30 60 3
70 80 20 2
60 60 30 1
50 30 0 3
90 90 30 3
60 30 0 2
20 80 0 1
60 20 10 3
20 0 40 2
70 0 20 2
40 20 0 3
10 80 30 2
40 90 40 3
50 60 10 1
0 60 60 1
0 60 30 1
0 60 20 2
90 80 50 2
40 90 10 3
40 20 20 1
80 30 60 2
10 90 20 2
90 70 10 1
80 20 60 1
50 70 60 3
10 80 50 2
50 20 30 3
80 40 0 1
80 90 50 2
80 10 0 1
70 60 50 3
20 0 60 1
40 0 0 2
10 70 0 3
50 40 30 1
30 60 20 3
90 0 0 2
60 0 50 2
20 0 0 2
50 80 10 3
70 90 50 2
30 20 50 1
40 50 20 1
40 60 30 2
10 40 60 1
10 10 30 2
10 50 10 3
50 10 30 1
10 20 0 1
90 50 30 3
40 90 30 2
10 40 10 1
60 50 10 3
40 30 60 3
50 10 60 1
40 60 50 2
0 60 50 1
40 80 40 3
80 90 20 1
10 80 10 2
80 30 10 3
60 80 60 1
30 40 20 2
0 30 40 2
50 90 40 3
10 40 20 3
30 70 40 1
0 90 20 2
80 80 60 2
20 30 40 3
10 90 10 3
40 0 60 1
0 90 0 2
50 80 20 3
80 70 60 1
50 30 50 1
80 60 20 3
60 60 10 3
90 0 60 2
30 50 40 2
30 20 10 1
10 60 50 3
50 80 60 3
30 80 10 3
80 80 40 1
10 70 40 1
80 10 30 2
40 40 50 3
60 60 40 2
50 20 10 2
10 40 30 1
40 60 10 3
30 20 20 2
20 10 40 2
30 0 10 2
70 20 40 3
80 0 40 1
20 70 10 3
0 40 0 2
50 0 60 2
80 80 20 1
60 70 0 1
70 40 0 1
10 30 0 2
70 10 0 3
40 20 30 1
80 70 10 2
80 50 0 3
10 0 30 1
50 80 0 1
80 20 10 3
20 60 60 2
60 70 30 1
50 0 40 1
50 30 10 1
50 70 20 1
20 30 0 3
80 50 60 3
20 90 50 1
70 70 50 2
40 80 20 3
80 80 0 2
20 20 50 3
60 50 20 1
40 20 40 3
10 30 30 2
20 80 10 3
80 70 50 3
70 90 20 2
90 80 20 3
30 30 10 2
40 90 50 2
90 30 30 2
90 40 50 1
0 0 10 1
10 80 20 2
20 80 20 2
30 50 0 3
50 40 20 2
80 10 60 3
40 10 30 2
30 20 30 3
80 40 20 2
0 0 0 3
10 40 40 1
60 90 10 2
40 60 40 1
30 0 40 2
90 90 10 3
10 60 0 1
60 40 10 2
50 70 10 2
60 40 0 3
90 20 60 1
20 30 10 3
10 40 0 1
60 70 20 3
90 90 0 2
70 90 10 1
50 80 40 3
70 20 10 3
0 80 60 2
30 80 40 2
60 0 60 1
50 60 40 3
20 80 50 1
90 80 10 3
80 90 60 2
40 30 40 3
0 10 30 2
70 70 60 1
80 90 10 1
50 60 0 2
20 90 40 3
40 10 50 3
0 70 20 1
70 60 0 2
10 20 20 1
70 50 10 1
70 30 60 3
80 30 20 1
20 70 60 2
40 70 40 1
70 40 50 3
0 10 50 1
0 50 60 1
70 40 30 3
90 10 50 2
0 80 30 3
10 90 0 1
70 40 10 3
70 80 30 1
80 40 30 3
10 70 60 1
0 0 50 2
10 90 40 1
70 0 0 3
40 0 50 3
0 20 40 1
90 20 20 2
90 90 50 3
30 30 30 1
0 10 60 1
10 80 40 3
0 20 20 3
80 90 30 2
60 80 30 1
0 80 50 1
90 0 30 2
70 10 50 3
20 50 30 3
70 60 60 1
70 80 50 2
50 50 20 2
40 40 60 3
50 50 40 2
90 80 60 1
90 20 10 1
30 60 0 1
40 10 40 3
50 0 10 3
90 30 50 3
0 80 0 3
70 70 10 1
10 10 10 2
20 30 60 2
0 70 50 3
70 50 40 3
60 10 20 3
90 30 0 1
50 40 0 1
40 90 20 1
80 10 20 3
10 60 60 2
0 0 40 2
0 20 50 2
40 80 60 1
70 20 50 3
10 10 0 2
60 0 0 2
0 40 30 2
90 70 20 2
80 0 50 1
90 10 0 2
30 30 40 1
30 80 30 1
80 40 40 2
80 0 60 3
40 50 0 1
80 60 50 1
60 90 0 2
80 60 30 3
90 40 0 2
90 0 40 2
90 10 30 3
0 50 40 1
30 30 50 3
70 30 30 2
0 80 40 1
90 0 20 2
0 70 40 2
80 10 50 3
70 70 30 2
60 50 50 3
0 90 30 2
50 20 20 1
20 80 30 1
60 80 0 3
20 10 0 2
30 10 20 2
40 0 30 2
80 10 10 3
0 10 10 1
70 0 30 1
40 30 10 1
90 70 50 2
50 90 20 2
70 0 60 1
40 70 10 1
20 60 20 2
50 60 60 3
70 30 20 2
40 80 30 3
10 50 20 3
20 40 50 3
80 60 60 1
60 20 40 1
30 80 50 3
0 90 50 2
10 30 10 2
70 10 20 2
80 90 0 1
70 10 10 3
20 10 60 2
40 40 20 2
50 60 30 1
0 10 20 2
40 0 20 1
80 70 40 2
90 90 20 2
70 90 60 1
60 10 30 2
20 90 20 1
80 90 40 2
30 40 60 2
30 90 20 1
60 30 10 1
80 10 40 1
0 60 40 2
10 60 20 1
10 0 60 2
90 60 60 3
50 50 50 3
40 70 20 1
20 20 30 2
90 70 40 1
70 60 30 2
70 30 10 1
70 40 20 2
80 0 20 3
20 50 40 3
60 10 50 2
50 70 30 2
90 60 20 1
80 0 0 1
70 80 40 3
10 20 50 3
50 50 60 1
60 90 20 2
20 70 30 2
30 90 0 1
70 10 60 3
70 50 30 1
10 50 50 3
20 30 50 3
60 70 40 3
30 10 40 2
20 60 30 3
10 70 30 1
20 80 60 3
0 40 60 1
60 20 60 2
60 40 60 3
40 0 10 3
40 60 20 1
90 40 60 1
40 10 0 2
70 70 0 3
30 30 60 2
30 40 10 3
50 60 50 2
60 0 30 1
0 90 60 3
70 60 40 2
30 50 10 1
90 40 20 1
90 20 50 3
80 80 50 3
20 90 60 1
50 20 60 1
0 80 10 2
20 90 30 1
50 50 0 2
10 10 60 1
40 30 0 3
80 70 0 1
30 0 30 2
30 50 20 1
80 20 20 2
40 10 20 2
30 60 10 3
70 60 10 2
90 0 10 3
40 80 50 1
20 20 40 2
60 60 0 1
10 10 40 1
10 0 10 3
70 30 40 3
40 30 50 1
20 90 0 1
60 30 20 1
90 10 10 1
50 30 30 1
90 80 30 2
40 90 60 1
50 90 60 3
60 40 40 2
30 60 60 1
10 10 50 1
0 20 60 1
70 80 0 3
60 50 40 2
60 90 30 2
30 50 30 3
60 90 50 2
10 50 30 2
90 50 0 1
80 20 0 2
90 30 20 2
0 70 0 3
80 30 40 3
30 20 0 3
0 0 30 2
50 30 20 1
70 10 30 3
30 50 60 3
0 30 60 1
30 70 30 2
70 30 0 2
0 0 60 2
80 50 50 3
30 80 20 3
60 10 60 2
50 10 10 1
30 20 60 1
90 70 0 1
20 50 60 3
50 10 20 1
10 20 10 2
10 0 20 1
30 90 50 1
20 50 50 2
30 40 50 1
40 70 0 2
70 70 40 3
20 60 10 2
50 20 0 3
10 30 20 3
50 40 10 1
80 80 30 3
20 0 10 2
60 60 20 3
80 20 30 2
60 70 50 2
0 20 10 3
40 70 30 2
60 10 40 1
40 70 50 2
40 50 60 2
30 0 50 3
70 20 30 1
20 50 0 1
70 30 50 3
40 80 0 3
70 20 60 1
0 60 0 2
10 30 40 1
10 60 30 1
30 50 50 2
0 10 40 3
90 60 10 3
30 40 0 1
90 60 30 1
70 50 0 1
90 90 60 3
80 20 40 1
0 30 50 2
30 90 40 2
30 90 10 1
0 30 10 2
20 60 0 3
10 0 0 2
0 20 30 1
10 30 60 3
40 40 10 3
50 90 0 1
30 90 30 3
80 60 40 1
3
1 0 0 1
2 1 1 4
3 2 3 2
49
10 60 0 3
60 30 0 2
60 10 0 2
0 30 0 1
60 60 0 3
60 20 0 2
50 30 0 1
0 40 0 1
30 20 0 2
60 0 0 1
10 50 0 1
10 0 0 3
20 40 0 1
60 50 0 1
10 30 0 2
30 50 0 2
60 40 0 1
0 50 0 1
10 40 0 3
40 60 0 2
50 50 0 1
40 0 0 3
50 40 0 1
40 10 0 1
10 10 0 1
0 0 0 1
0 20 0 2
0 10 0 2
40 40 0 2
50 60 0 2
30 40 0 3
0 60 0 2
20 10 0 2
30 60 0 2
20 0 0 2
10 20 0 1
20 20 0 2
20 30 0 1
20 60 0 1
50 10 0 1
40 20 0 2
20 50 0 2
50 0 0 2
50 20 0 1
30 0 0 1
40 50 0 1
40 30 0 3
30 10 0 1
30 30 0 2
555
61560 54807 2716 2
22486 19982 16815 5
38085 71482 86364 3
67020 139032 12790 5
230670 32529 26618 2
172875 62854 12326 3
35194 94074 78888 5
140765 16469 42965 6
150285 72877 43831 6
195729 167875 9782 3
69410 75303 16503 2
125632 46580 23489 1
167858 110293 1472 5
110382 23794 47989 3
31206 88170 43112 3
56927 26418 54709 1
324751 19023 2177 2
315956 80100 2485 5
102993 152825 22884 3
172362 134322 19125 4
217771 6650 25345 2
71472 23963 88515 2
5177 126059 8466 3
63750 54622 65895 4
60174 75674 6859 3
97788 13716 55661 3
181151 38977 13025 5
191035 172922 10805 3
192069 16530 36939 2
113211 34853 38310 5
13039 71416 38426 3
82276 95381 61345 5
22152 38855 7512 5
50563 27867 30918 3
51503 39212 65867 1
90261 180988 20953 5
105894 63263 51995 1
67376 20869 43268 5
88859 102856 48465 1
192034 161286 13001 4
239383 50945 4287 4
126881 30317 19048 3
304579 19280 13888 6
82227 44954 8273 6
162012 16796 25600 6
77375 28074 18071 1
202459 87875 2273 3
232222 85428 10627 2
302370 7911 11073 2
121957 170470 24203 1
221343 34769 6858 6
3928 96451 10886 5
55602 108049 45972 3
140682 169541 5661 1
221487 71035 4891 5
31582 153020 8697 6
122513 39573 71843 3
78276 162177 17254 4
17523 84823 94220 5
197616 153169 5852 4
222489 81144 12806 6
227501 36873 14624 5
164428 135769 9189 2
122597 90672 13364 4
147925 58483 36193 4
58345 12948 17719 1
53112 59817 43557 3
101978 174165 22286 6
225470 6543 5676 2
57912 95119 10968 3
199758 96590 32674 4
38462 150467 29964 5
240623 24010 44571 6
164726 18019 44389 1
92024 152368 30471 6
238744 11472 6545 5
35150 94366 44119 3
12569 125027 63424 3
105533 46915 19298 6
234537 1856 47831 4
19119 92742 52993 1
65449 107792 28122 3
184347 6646 57771 3
211592 15403 40696 3
93428 169075 5871 2
249575 34089 6002 1
175666 100633 21775 5
107489 146373 5761 5
31699 105217 50900 6
92956 139741 25424 4
103511 21112 70905 6
118534 51382 68583 1
205394 51307 17546 1
37313 63203 44353 5
182804 88174 39713 4
63191 63778 33366 6
67842 28626 10046 4
74259 155225 3794 6
213807 39139 11190 2
61298 123346 5991 5
206234 4494 14842 2
136228 172899 22242 4
90499 139600 49576 2
59645 30793 48895 6
311206 56745 1419 1
229138 51248 8137 4
94341 39996 1966 5
135866 86353 8637 6
173400 152836 15631 5
31279 27980 74873 4
7101 174002 26707 1
32369 42456 26402 2
137989 14413 32732 2
58443 173220 15614 3
146003 83599 55408 1
73407 84150 52941 6
20483 60157 76976 4
274760 6363 26402 2
9596 5761 94603 4
69153 48850 47425 6
57524 150607 33470 6
110837 14703 75424 1
28205 14186 7445 4
53219 106057 19679 3
194035 66615 26800 5
186963 57821 42004 1
264234 81554 14448 3
77274 19946 22693 1
183277 2661 31683 1
142744 55387 54050 1
135835 80382 27455 5
163981 5851 60807 5
31040 4670 31088 4
83708 149841 35524 2
36247 189154 1724 6
115766 71888 65389 5
4720 7266 7588 5
294876 53300 5919 3
136395 146606 29135 5
25072 81254 73524 5
112297 65055 16821 6
18374 38096 67675 5
112959 7296 33207 5
25100 4610 37063 6
68621 125805 9175 4
71768 106429 64336 1
60038 79229 14124 3
45517 31503 99732 1
116652 64651 41728 3
83774 3717 50120 2
54388 33034 65573 2
183547 21392 55690 4
6125 78847 2118 1
108448 78304 40474 3
98367 99783 49703 3
57668 128736 67867 3
82500 20865 74506 6
151095 114898 22331 1
56066 81704 48665 5
92549 15416 57449 6
97343 139202 48195 5
205120 154855 7465 1
30734 154849 15436 3
8847 146069 1661 6
51544 134070 45044 1
79956 34180 45414 2
1420 102628 23350 5
227014 73066 1646 5
204129 106609 26756 1
120447 16417 61612 1
113551 92391 13700 1
165131 99581 25683 4
146073 72891 21622 4
33501 35475 35901 4
139437 51642 7975 5
127083 1587 27494 2
28291 38082 60867 5
123268 11583 7514 6
155474 86698 16248 4
119755 45808 22055 2
87209 81041 7928 2
126635 9807 13582 6
72430 94365 57516 1
119672 117644 43049 3
137722 36219 36353 2
32993 38320 81237 3
308889 32706 20535 3
1248 53938 20256 2
206287 99103 16410 5
42717 116012 75660 4
222386 13479 8016 2
235648 39823 29216 2
21155 173934 23000 6
184693 88599 2341 6
140507 124900 39882 2
136037 68454 25872 2
214189 2043 47205 3
303459 13382 11933 6
164301 123548 18446 6
154097 25977 19550 3
203820 2220 23533 2
14551 71093 51839 4
12752 40064 34577 6
102712 30352 44873 1
31135 54978 85880 1
54270 58197 11557 3
121173 6468 43386 5
73548 52233 13608 5
46603 84052 44061 1
53622 87504 87135 4
21785 114787 77401 5
23416 175851 15942 5
16101 25232 33889 6
51450 11670 68517 2
46941 129868 22099 1
207646 8227 56045 3
82253 124043 62920 5
177422 67905 33906 2
71116 30328 90355 5
195523 52392 48918 2
79488 4872 15406 2
61097 110600 1913 4
199025 175180 7211 5
119138 42204 19432 2
252759 10888 32366 4
8345 34221 64656 6
200727 163415 7150 4
14490 80406 3349 1
167738 20111 24521 5
93354 3039 17238 1
96144 97799 57130 1
159896 30937 16280 5
129295 11208 52331 3
17058 98942 81772 5
25584 25853 99077 1
120961 9414 41295 2
241206 1547 18385 4
221191 150248 7149 2
192509 37684 56310 4
84374 13915 99734 2
77723 98837 65394 4
34386 128768 41610 3
227008 79788 15074 5
50936 68461 75312 4
228868 21143 40990 3
17569 16085 60618 5
69725 108768 63153 6
120552 122349 37491 3
35822 56005 1614 4
125083 124349 38928 3
57093 59532 48917 6
110370 48936 15175 1
160075 34288 43410 1
195274 7153 61388 2
201301 55394 33777 2
72251 56732 62294 4
80586 105880 51777 4
94799 64350 39124 4
33662 100682 55141 6
84859 87330 33136 1
74728 46061 19304 6
69219 70315 48088 2
20007 187469 11273 3
12460 54789 50741 3
2074 63806 92094 4
179527 101545 2550 5
155040 93344 8314 1
53942 27117 6707 5
32683 95247 16220 3
44593 83273 83126 3
309588 24277 5310 1
50317 76641 43545 5
286900 17947 5850 2
63174 112542 26244 4
167056 83444 34215 1
19617 61019 46399 4
66308 135201 27024 4
187916 51313 54577 2
8165 15289 34403 6
96946 39951 35278 3
40679 125139 54877 1
114040 97683 23793 6
26488 158374 31915 4
174919 28092 8310 3
31461 116158 69244 5
1162 37241 25799 5
119561 17067 61766 5
145012 107170 37350 2
30436 26250 52297 3
220890 31797 15301 6
20257 136822 30259 5
38439 64382 53861 3
125777 32621 7599 3
5254 162506 1387 2
26984 132352 8717 4
59124 3460 84957 3
12032 136765 62504 2
11518 65854 77173 4
29264 90334 89795 6
95585 36745 47171 3
111691 6243 74591 3
233046 28049 43475 6
2480 20552 47382 2
134856 49765 38598 6
164205 83039 40543 4
1053 134753 30552 6
166968 55712 19636 4
81312 125120 63545 3
36298 11266 49005 3
36264 139984 38307 1
36539 93452 72151 4
108319 151462 40364 2
214154 31043 4346 5
83693 80208 41334 3
237354 15999 8308 2
162699 51136 56168 6
3343 103952 59087 2
117148 83907 52794 5
166903 128108 34082 5
59193 96961 7525 1
4776 90583 54504 2
144914 116183 35425 2
318398 18925 3992 1
56019 6162 76245 5
222860 8885 39090 3
113085 70996 35838 5
83237 33871 80581 1
25739 112744 67499 6
113639 2867 20429 1
95912 18942 90506 6
169787 108313 1657 5
78921 108254 33080 3
38704 115200 80073 2
86742 124444 43667 6
206903 132133 7177 2
160375 158852 23337 5
350054 14238 10371 4
195479 13037 9568 3
19776 61992 53144 6
86086 53343 22001 3
3495 68291 65651 1
63691 36690 70749 4
203760 21120 42074 4
230048 110210 5024 4
31843 33862 11831 1
19041 24682 94068 3
129026 91759 18292 6
183715 8484 63987 1
30577 52363 74970 6
45075 88445 36041 3
190395 74969 12226 4
67242 70017 58848 4
18017 115804 31573 2
95524 179415 10232 4
170950 64287 22455 2
66698 108851 24862 4
258957 75051 17528 4
49280 36461 41885 5
288899 39045 22378 3
31871 90459 35879 1
100799 126549 12526 1
199097 153066 3159 4
130896 55651 47302 6
27570 10416 29120 6
36975 159909 8698 4
1134 59953 44538 5
56969 74755 34223 5
156112 74019 50266 6
49115 12100 63845 5
27324 65220 43552 3
168050 42187 20007 5
32769 93369 54108 5
194842 44955 25634 6
181693 24840 10744 5
76069 100715 32851 1
20278 94210 48685 4
294730 36702 6141 5
148566 153353 30772 6
258225 32691 1808 1
143220 87548 10933 2
111002 169874 4050 4
109422 80629 40576 3
85886 99690 27352 1
222173 59024 25590 1
65959 129866 1913 2
281029 7953 30047 3
2987 167186 20321 1
213559 123966 12333 6
160615 19958 43784 1
200295 132459 9035 6
262010 62076 19148 3
103839 5221 35130 6
35800 57935 81063 6
37568 19496 49542 4
136020 194070 3182 1
232139 96423 6059 3
21926 40802 18558 4
98558 101357 65471 4
6686 15932 83476 1
178119 74130 14980 6
75612 39766 86004 1
116225 46595 80212 2
39510 123105 5077 3
164679 74958 31054 3
221894 4897 12172 4
12011 37856 29535 2
136677 48996 5517 2
157743 128791 11623 4
63236 76476 45764 1
29110 64659 68172 1
281481 33936 15690 6
1815 41287 5220 2
17052 81675 75138 2
115219 27337 15111 1
133930 27547 10435 6
335423 12803 6371 6
31750 128636 56478 6
320215 1068 9934 2
143497 176071 24539 3
202288 18872 3336 5
28211 10697 91031 1
138500 26471 38863 1
258767 31427 12994 3
197278 53116 38574 1
115637 28199 86962 6
62611 53595 86395 3
157793 134027 17802 5
38618 116367 36738 2
241936 15078 26018 5
12331 138556 39481 5
112448 45922 73816 3
169339 32941 1580 6
157661 167482 14357 2
4595 79514 9936 3
26074 79721 39862 6
24872 57738 52885 4
116616 116853 49368 1
242532 3956 9937 6
138122 42886 68646 5
32266 15047 56988 3
114325 98255 57521 6
925 133632 15741 4
73626 73340 85042 4
41311 28320 97683 6
100725 17173 32867 6
201586 46927 2842 5
193570 137099 16543 1
146310 31402 73428 2
42939 50354 19427 1
27387 93764 46332 6
104040 39990 78527 3
26911 33889 87892 3
69872 10666 45642 6
40076 133402 36753 4
24882 111257 12064 4
164828 112768 40320 1
12322 37428 15147 1
323007 6211 11520 4
116148 151039 22557 5
10914 28154 37567 5
201166 28497 4834 3
303424 15025 3402 5
95926 15502 55308 4
36130 58555 76738 3
231432 56334 38072 4
146586 49025 67953 2
34916 102504 73130 2
9733 24623 97937 5
106579 40173 82652 2
39261 161769 17756 5
259187 16179 8690 2
2462 10239 23442 5
249059 8095 25610 6
101341 2583 35455 1
166627 102534 8971 2
114856 165190 36517 2
14060 108365 17922 6
149282 143248 33479 4
153261 148962 21195 1
53485 124745 39041 5
5960 102025 37701 6
99118 57307 17043 5
76973 128666 54511 1
207193 44443 30438 1
23181 19087 63174 4
70515 77206 73191 4
145333 62721 25556 2
37993 78481 93486 3
21335 113592 54254 4
280690 15156 17101 6
89146 76895 22249 1
77163 104852 9391 3
99465 25225 69289 4
105762 99139 43705 6
167543 90623 37467 3
240693 35964 13437 1
32756 38080 14782 6
204573 25302 7457 5
246863 25295 42123 6
83897 133446 37548 1
116881 166184 5116 6
73760 148829 19145 6
242280 21944 31217 5
64932 131072 31036 1
31368 82272 71638 1
144666 55521 9881 4
54080 88498 11152 4
30554 40876 36107 4
145249 26991 70299 2
92607 19299 80172 5
185242 88199 12621 1
182423 46143 3544 3
46752 5544 46027 5
59870 95269 23075 5
7489 104079 13227 3
140441 39697 63594 4
194141 173856 11552 2
4579 81780 92180 6
224398 86315 20809 6
61172 173336 14243 4
71866 7850 28867 1
146838 46410 49318 1
30451 139642 54055 5
27794 35383 76460 6
117961 121156 48895 1
154389 46129 38996 3
148825 98460 26028 5
94877 116192 53912 5
120399 978 55424 4
164963 185454 11905 2
61142 96261 78562 1
80582 46159 43520 2
328561 26368 2669 2
162419 2040 67376 2
90450 106659 16442 6
35318 117148 73710 1
270885 19893 4679 6
98890 18411 86224 5
42858 169817 11945 4
282771 37258 25377 4
173955 161697 3695 3
78019 12393 31798 6
16978 122958 78378 3
121511 12135 60848 2
118035 67788 34228 5
121456 66806 40586 1
16871 17361 93907 5
135430 25204 45360 6
168504 72370 31314 3
62315 45274 49600 3
118065 98427 54328 3
57809 62553 59516 4
147141 130111 25304 6
108055 89214 12969 1
141737 34254 72910 2
4
0 0 0 1
1 2 0 1
3 4 0 1
2 1 0 1
123
312645 282984 140769 5
639763 358647 464367 7
583196 841208 739891 11
767898 312529 836680 11
942734 677983 925550 3
6462 950253 249010 5
745439 698450 734223 2
652108 596174 277032 1
469419 436162 955807 7
408845 820836 100266 10
423624 374292 476995 3
878548 439109 527176 10
287426 256505 971727 8
665770 301245 652954 9
701951 531052 75501 5
306796 681507 419272 11
294358 183993 59370 2
725556 636357 508737 6
252987 990590 985879 5
774773 671915 306899 9
865604 196080 300415 2
152421 675228 325348 11
299004 134705 127065 10
213621 405063 217652 3
84764 311553 529336 5
53603 303751 223632 8
339233 492146 401727 1
803482 148599 549006 10
741997 436304 843268 9
584175 288908 471520 4
937703 321179 380892 2
210539 902008 381384 2
569436 747992 941162 9
418709 263540 281309 8
587 688707 106497 8
136166 518062 476783 2
821761 81696 583845 2
53230 139327 993693 1
286278 260609 817748 8
900492 473156 455613 4
812344 812662 85551 2
129732 146275 186760 2
163955 561472 646312 5
390375 292833 391278 9
464107 917782 129533 10
410286 6915 18471 4
201680 405032 178949 2
333196 971642 675623 1
847430 569348 162828 3
372491 865861 653455 11
353078 383060 529545 6
521710 894275 755146 8
246061 434523 113405 10
709854 812367 715124 3
549105 766243 70188 6
586250 660340 267124 9
595484 606229 586453 2
607060 429347 140314 1
955162 735540 891046 4
320950 27679 32504 5
288112 843269 966067 5
200595 108291 367955 1
839077 505856 456877 11
961788 615379 549425 11
555157 944851 31281 3
129724 204737 572652 9
534726 674421 77504 8
836656 292847 271881 8
803615 113784 956715 11
830202 789144 531572 6
873023 242016 446722 3
145455 861024 96357 6
93985 576052 556575 7
743 560914 399338 4
293373 764658 88330 2
339142 294969 636942 1
751851 961871 26136 4
823576 144462 328060 8
844906 600120 207450 11
479801 671955 146307 3
958616 52882 864182 4
891511 822588 563585 10
19992 14680 742432 9
787668 550741 350159 4
127253 194171 765945 5
119797 330917 273615 5
857965 77480 737462 8
582480 417625 796139 5
719762 414353 765355 6
983127 613228 111321 5
86348 932170 800474 10
619871 114981 374449 6
633636 330067 491314 10
136004 496132 769079 6
722869 660339 832265 7
339992 698318 613985 11
956701 859986 576060 2
118466 714843 899809 1
819130 960928 958278 10
132096 220107 44450 3
262828 152339 597907 8
538071 72312 615291 8
335974 102065 124022 5
266480 42292 351505 8
139791 685760 978185 5
594503 200392 682595 2
406845 217620 495027 3
447469 82791 461641 4
569237 69669 879678 2
603000 342553 875688 9
796202 487012 202149 2
124674 100104 928245 4
300569 526178 857304 2
734670 737203 597775 8
187871 164669 909900 2
592583 919450 394435 10
405757 427159 448394 5
916600 48080 508911 1
361254 745436 560574 3
714367 685707 244485 9
72135 863213 492179 9
250742 563208 896892 6
231114 851644 192869 2
200
41913 17038 1448 1849
14866 27763 3636 1849
11079 8816 12697 1849
8260 8235 1039 1849
24874 32388 1431 1849
1239 23931 1394 1849
29577 3175 6203 1849
34241 7868 1466 1849
21658 22064 5421 1849
4302 5708 7406 1849
57918 7524 1055 1849
10466 8037 2441 1849
24437 14085 1469 1849
11012 8330 7840 1849
4456 24453 1320 1849
8332 16462 7313 1849
36445 5384 6796 1849
17023 11409 7750 1849
18342 18831 6931 1849
24517 20702 7024 1849
3448 3359 4213 1849
26880 24897 3332 1849
35401 7401 6508 1849
17601 27946 1020 1849
39177 6519 5764 1849
16926 24160 7641 1849
6738 24087 2026 1849
26136 6799 2943 1849
4750 24160 7202 1849
40535 7932 6578 1849
9773 4340 16716 1849
19692 11577 9413 1849
40574 4631 2466 1849
44002 9902 1788 1849
32433 9119 5037 1849
18504 3663 6328 1849
22989 15730 6056 1849
31572 6653 3088 1849
47350 14559 2249 1849
13184 3054 8934 1849
19824 16501 9450 1849
7796 17272 11297 1849
4827 1184 6159 1849
25285 22869 3634 1849
25849 7463 11068 1849
23709 9663 1631 1849
11176 18194 906 1849
13804 2917 9770 1849
5793 24973 6990 1849
22618 7828 7145 1849
35394 18910 1633 1849
5292 3033 5731 1849
36664 13276 4321 1849
57950 2399 2319 1849
57290 7586 1295 1849
4536 22172 7223 1849
24047 15858 7822 1849
27596 20507 5213 1849
23812 929 3069 1849
10407 18878 4156 1849
10950 26096 1022 1849
11040 5181 3247 1849
7301 7990 12716 1849
39876 11659 3625 1849
7623 15857 2818 1849
29385 11081 8923 1849
7016 23378 2939 1849
22031 14679 3802 1849
10578 7994 15285 1849
2929 7845 4608 1849
5562 12022 1298 1849
26598 4377 8432 1849
3711 912 8676 1849
2144 2819 1827 1849
219 15526 7314 1849
891 17200 2184 1849
23244 16232 1568 1849
10251 1023 9458 1849
35855 2835 9096 1849
12450 2323 15015 1849
3121 16856 14269 1849
40513 14037 2883 1849
25696 11720 3067 1849
8234 11569 3514 1849
23674 26208 2230 1849
3823 27726 1759 1849
10970 10456 6664 1849
1420 16566 7898 1849
18681 12621 5601 1849
13940 5541 4795 1849
3474 11243 1916 1849
28825 22231 5660 1849
19796 9300 9215 1849
18007 18994 9634 1849
9967 7599 12460 1849
13425 1042 11079 1849
5639 27328 2652 1849
5043 15607 4597 1849
16399 13803 3421 1849
27579 5904 10508 1849
5387 24825 5674 1849
28046 12749 3432 1849
31065 25551 3530 1849
29191 21294 5866 1849
19956 22988 8135 1849
8560 15703 1194 1849
27578 9128 5197 1849
25706 2099 1401 1849
19135 16064 6612 1849
6124 7417 6533 1849
7349 17117 12950 1849
21215 30048 3236 1849
45277 1871 3445 1849
2382 2294 11974 1849
168 10384 8649 1849
20286 19196 6181 1849
31622 19234 4770 1849
57833 3546 2596 1849
24084 4978 4561 1849
11482 13375 3713 1849
2948 9547 6607 1849
3227 10072 3516 1849
26855 1951 7550 1849
13644 26069 6509 1849
44070 7406 3238 1849
7386 4225 2140 1849
1478 8038 4065 1849
19799 23927 6475 1849
25406 29633 1999 1849
27171 18286 5430 1849
11251 20150 887 1849
23503 29166 2989 1849
34400 2517 5004 1849
10537 20718 4167 1849
52600 1258 1447 1849
3581 4832 1947 1849
16776 3541 12325 1849
8916 2116 2973 1849
21803 10406 7367 1849
45186 15785 2726 1849
32294 15677 4982 1849
40757 20437 2077 1849
39427 19938 2385 1849
45305 964 2749 1849
34685 13032 2612 1849
35588 18450 5205 1849
6759 31543 1354 1849
30928 28987 1532 1849
1820 26847 3633 1849
2130 16685 3319 1849
12719 22609 4145 1849
43907 5621 2861 1849
7842 20461 6741 1849
268 2764 13174 1849
9228 14862 1317 1849
12886 4263 10131 1849
5634 2135 1042 1849
45814 1374 5077 1849
4555 11979 11072 1849
4124 19977 8509 1849
12564 27692 4838 1849
27856 13365 1802 1849
19793 12684 4417 1849
14928 9595 11760 1849
21505 19161 2006 1849
40173 13044 2317 1849
14534 19967 1185 1849
49304 3281 1988 1849
32695 5446 6427 1849
37212 2981 5357 1849
37277 823 5068 1849
34833 6100 4742 1849
14718 30186 3075 1849
13303 29279 4126 1849
35821 6391 1620 1849
1415 12609 14974 1849
19010 3151 5284 1849
16261 24569 2456 1849
7636 3446 15132 1849
925 16769 16793 1849
23485 19883 4639 1849
7799 2460 15699 1849
16476 3402 5333 1849
16517 2205 5470 1849
7266 13925 1931 1849
26398 26630 4113 1849
24387 25588 1198 1849
32213 4157 10567 1849
10626 5587 10992 1849
11787 6758 8607 1849
33177 9285 5980 1849
23365 3306 10925 1849
13836 14929 12335 1849
26073 25560 3756 1849
915 30108 3906 1849
61923 4237 887 1849
1097 21337 9707 1849
2187 15999 10810 1849
3228 6790 8390 1849
19941 3522 6504 1849
